SEQ='HE'     NUCCHG=10                                                  /LS/

   PARENT TERM INDEXING                 BWNP=  10973740.0   NPRNTI= 1   NPRNTF= 1
   --------------------
   INDP         CODE                 S L   WI        WNP
   ----         ----                 - -   --  ----------
     1          1S1                 (2)0( 0.5)        0.0 

   LS RESOLVED TERM INDEXING            BWNR=  20600139.0   NTRM=  71
   -------------------------
   INDX  INDP   CODE                 S L   WJ        WNR
   ----  ----   ----                 - -   --  ----------
     1  9999    1S2                 (1)0( 0.0)        0.0 
     2     1    1S1 2S1             (3)0( 1.0)  7282111.4 
     3     1    1S1 2P1             (3)1( 4.0)  7364114.6 
     4     1    1S1 2S1             (1)0( 0.0)  7375662.2 
     5     1    1S1 2P1             (1)1( 1.0)  7421971.2 
     6     1    1S1 3S1             (3)0( 1.0)  8604956.1 
     7     1    1S1 3P1             (3)1( 4.0)  8627173.7 
     8     1    1S1 3S1             (1)0( 0.0)  8629254.5 
     9     1    1S1 3D1             (3)2( 7.0)  8638324.9 
    10     1    1S1 3D1             (1)2( 2.0)  8638979.8 
    11     1    1S1 3P1             (1)1( 1.0)  8643167.3 
    12     1    1S1 4S1             (3)0( 1.0)  9056920.9 
    13     1    1S1 4P1             (3)1( 4.0)  9066011.8 
    14     1    1S1 4S1             (1)0( 0.0)  9066718.5 
    15     1    1S1 4D1             (3)2( 7.0)  9070612.4 
    16     1    1S1 4F1             (3)3(10.0)  9070850.6 
    17     1    1S1 4F1             (1)3( 3.0)  9070855.0 
    18     1    1S1 4D1             (1)2( 2.0)  9070968.8 
    19     1    1S1 4P1             (1)1( 1.0)  9072591.8 
    20     1    1S1 5S1             (3)0( 1.0)  9263796.0 
    21     1    1S1 5P1             (3)1( 4.0)  9268382.7 
    22     1    1S1 5S1             (1)0( 0.0)  9268705.8 
    23     1    1S1 5D1             (3)2( 7.0)  9270713.7 
    24     1    1S1 5G1             (3)4(13.0)  9270760.1 
    25     1    1S1 5G1             (1)4( 4.0)  9270760.1 
    26     1    1S1 5F1             (3)3(10.0)  9270847.5 
    27     1    1S1 5F1             (1)3( 3.0)  9270851.1 
    28     1    1S1 5D1             (1)2( 2.0)  9270913.9 
    29     1    1S1 5P1             (1)1( 1.0)  9271712.0 
    30     1    1S1 6S1             (3)0( 1.0)  9375433.8 
    31     1    1S1 6P1             (3)1( 4.0)  9378065.9 
    32     1    1S1 6S1             (1)0( 0.0)  9378241.0 
    33     1    1S1 6D1             (3)2( 7.0)  9379407.2 
    34     1    1S1 6G1             (3)4(13.0)  9379438.0 
    35     1    1S1 6G1             (1)4( 4.0)  9379438.0 
    36     1    1S1 6H1             (3)5(16.0)  9379463.1 
    37     1    1S1 6H1             (1)5( 5.0)  9379463.1 
    38     1    1S1 6F1             (3)3(10.0)  9379488.2 
    39     1    1S1 6F1             (1)3( 3.0)  9379490.7 
    40     1    1S1 6D1             (1)2( 2.0)  9379528.4 
    41     1    1S1 6P1             (1)1( 1.0)  9379980.0 
    42     1    1S1 7S1             (3)0( 1.0)  9442452.5 
    43     1    1S1 7P1             (3)1( 4.0)  9444101.2 
    44     1    1S1 7S1             (1)0( 0.0)  9444206.9 
    45     1    1S1 7D1             (3)2( 7.0)  9444942.9 
    46     1    1S1 7G1             (3)4(13.0)  9444963.7 
    47     1    1S1 7G1             (1)4( 4.0)  9444963.7 
    48     1    1S1 7H1             (3)5(16.0)  9444979.5 
    49     1    1S1 7H1             (1)5( 5.0)  9444979.5 
    50     1    1S1 7I1             (3)6(19.0)  9444986.6 
    51     1    1S1 7I1             (1)6( 6.0)  9444986.6 
    52     1    1S1 7F1             (3)3(10.0)  9444995.2 
    53     1    1S1 7F1             (1)3( 3.0)  9444997.0 
    54     1    1S1 7D1             (1)2( 2.0)  9445021.2 
    55     1    1S1 7P1             (1)1( 1.0)  9445301.7 
    56     1    1S1 8S1             (3)0( 1.0)  9485813.2 
    57     1    1S1 8P1             (3)1( 4.0)  9486913.6 
    58     1    1S1 8S1             (1)0( 0.0)  9486982.5 
    59     1    1S1 8D1             (3)2( 7.0)  9487476.1 
    60     1    1S1 8G1             (3)4(13.0)  9487490.7 
    61     1    1S1 8G1             (1)4( 4.0)  9487490.7 
    62     1    1S1 8H1             (3)5(16.0)  9487501.3 
    63     1    1S1 8H1             (1)5( 5.0)  9487501.3 
    64     1    1S1 8I1             (3)6(19.0)  9487506.1 
    65     1    1S1 8I1             (1)6( 6.0)  9487506.1 
    66     1    1S1 8J1             (3)7(22.0)  9487508.5 
    67     1    1S1 8J1             (1)7( 7.0)  9487508.5 
    68     1    1S1 8F1             (3)3(10.0)  9487511.8 
    69     1    1S1 8F1             (1)3( 3.0)  9487513.1 
    70     1    1S1 8D1             (1)2( 2.0)  9487529.5 
    71     1    1S1 8P1             (1)1( 1.0)  9487715.8 

   N-SHELL INDEXING                                     NREP= 42
   ----------------
   IREP    N
   -----   -
     1     1
     2     2
     3     3
     4     4
     5     5
     6     6
     7     7
     8     8
     9     9
    10    10
    11    11
    12    12
    13    13
    14    14
    15    15
    16    16
    17    18
    18    20
    19    22
    20    25
    21    29
    22    35
    23    39
    24    45
    25    49
    26    55
    27    61
    28    70
    29    81
    30   100
    31   115
    32   140
    33   162
    34   200
    35   235
    36   300
    37   353
    38   450
    39   535
    40   700
    41   811
    42   999



 --------------------------------
 PRTI= 1  TRMPRT= (2S)  SPNPRT= 2

   INDX TE=  8.10E+02  1.62E+03  4.05E+03  8.10E+03  1.62E+04  4.05E+04  8.10E+04  1.62E+05  4.05E+05  8.10E+05
   ---- ---  1.62E+06  4.05E+06  8.10E+06  1.62E+07  4.05E+07  8.10E+07  1.62E+08  4.05E+08  8.10E+08
     1       2.70E-11  1.91E-11  1.21E-11  8.54E-12  6.04E-12  3.81E-12  2.69E-12  1.90E-12  1.19E-12  8.29E-13
             5.69E-13  3.34E-13  2.12E-13  1.28E-13  5.87E-14  3.00E-14  1.43E-14  4.88E-15  2.04E-15
     2       5.56E-12  3.93E-12  2.49E-12  1.76E-12  1.24E-12  7.86E-13  5.55E-13  3.92E-13  2.46E-13  1.72E-13
             1.18E-13  6.88E-14  4.32E-14  2.55E-14  1.14E-14  5.68E-15  2.67E-15  8.98E-16  3.73E-16
     3       1.52E-11  1.07E-11  6.77E-12  4.78E-12  3.37E-12  2.12E-12  1.48E-12  1.02E-12  6.04E-13  3.89E-13
             2.36E-13  1.09E-13  5.51E-14  2.57E-14  8.38E-15  3.36E-15  1.29E-15  3.48E-16  1.27E-16
     4       1.64E-12  1.16E-12  7.34E-13  5.19E-13  3.67E-13  2.32E-13  1.64E-13  1.16E-13  7.36E-14  5.18E-14
             3.60E-14  2.14E-14  1.36E-14  8.11E-15  3.66E-15  1.85E-15  8.70E-16  2.94E-16  1.22E-16
     5       4.67E-12  3.30E-12  2.09E-12  1.47E-12  1.04E-12  6.53E-13  4.57E-13  3.16E-13  1.88E-13  1.21E-13
             7.41E-14  3.45E-14  1.76E-14  8.22E-15  2.70E-15  1.08E-15  4.17E-16  1.13E-16  4.10E-17
     6       1.77E-12  1.25E-12  7.90E-13  5.59E-13  3.95E-13  2.50E-13  1.77E-13  1.25E-13  7.83E-14  5.46E-14
             3.73E-14  2.14E-14  1.33E-14  7.75E-15  3.42E-15  1.70E-15  7.93E-16  2.66E-16  1.10E-16
     7       5.63E-12  3.98E-12  2.52E-12  1.78E-12  1.25E-12  7.87E-13  5.50E-13  3.80E-13  2.25E-13  1.45E-13
             8.79E-14  4.04E-14  2.03E-14  9.44E-15  3.07E-15  1.23E-15  4.70E-16  1.27E-16  4.60E-17
     8       5.48E-13  3.88E-13  2.45E-13  1.73E-13  1.23E-13  7.76E-14  5.49E-14  3.89E-14  2.46E-14  1.73E-14
             1.19E-14  6.93E-15  4.33E-15  2.54E-15  1.13E-15  5.61E-16  2.62E-16  8.81E-17  3.65E-17
     9       6.24E-12  4.41E-12  2.78E-12  1.96E-12  1.38E-12  8.50E-13  5.80E-13  3.84E-13  2.06E-13  1.18E-13
             6.22E-14  2.30E-14  9.87E-15  3.96E-15  1.10E-15  4.04E-16  1.46E-16  3.74E-17  1.33E-17
    10       2.08E-12  1.47E-12  9.26E-13  6.52E-13  4.57E-13  2.83E-13  1.93E-13  1.28E-13  6.87E-14  3.94E-14
             2.07E-14  7.67E-15  3.29E-15  1.32E-15  3.67E-16  1.35E-16  4.86E-17  1.25E-17  4.43E-18
    11       1.79E-12  1.26E-12  7.99E-13  5.64E-13  3.98E-13  2.50E-13  1.75E-13  1.21E-13  7.21E-14  4.66E-14
             2.84E-14  1.31E-14  6.64E-15  3.09E-15  1.01E-15  4.03E-16  1.55E-16  4.17E-17  1.51E-17
    12       8.06E-13  5.70E-13  3.60E-13  2.55E-13  1.80E-13  1.14E-13  8.04E-14  5.67E-14  3.54E-14  2.45E-14
             1.66E-14  9.39E-15  5.77E-15  3.33E-15  1.46E-15  7.22E-16  3.36E-16  1.12E-16  4.64E-17
    13       2.67E-12  1.89E-12  1.19E-12  8.43E-13  5.94E-13  3.73E-13  2.61E-13  1.80E-13  1.06E-13  6.81E-14
             4.11E-14  1.87E-14  9.38E-15  4.34E-15  1.40E-15  5.59E-16  2.14E-16  5.76E-17  2.09E-17
    14       2.55E-13  1.80E-13  1.14E-13  8.07E-14  5.71E-14  3.61E-14  2.56E-14  1.81E-14  1.14E-14  7.91E-15
             5.39E-15  3.08E-15  1.90E-15  1.10E-15  4.83E-16  2.39E-16  1.11E-16  3.73E-17  1.54E-17
    15       3.91E-12  2.76E-12  1.74E-12  1.23E-12  8.61E-13  5.32E-13  3.63E-13  2.41E-13  1.29E-13  7.41E-14
             3.89E-14  1.44E-14  6.14E-15  2.46E-15  6.83E-16  2.51E-16  9.05E-17  2.32E-17  8.24E-18
    16       2.90E-12  2.05E-12  1.29E-12  9.04E-13  6.29E-13  3.79E-13  2.49E-13  1.55E-13  7.40E-14  3.78E-14
             1.75E-14  5.58E-15  2.18E-15  8.16E-16  2.15E-16  7.69E-17  2.74E-17  6.96E-18  2.47E-18
    17       9.68E-13  6.83E-13  4.30E-13  3.01E-13  2.10E-13  1.26E-13  8.31E-14  5.18E-14  2.47E-14  1.26E-14
             5.85E-15  1.86E-15  7.26E-16  2.72E-16  7.15E-17  2.56E-17  9.13E-18  2.32E-18  8.22E-19
    18       1.30E-12  9.18E-13  5.79E-13  4.08E-13  2.86E-13  1.77E-13  1.21E-13  8.01E-14  4.30E-14  2.47E-14
             1.29E-14  4.78E-15  2.04E-15  8.18E-16  2.27E-16  8.35E-17  3.01E-17  7.72E-18  2.74E-18
    19       8.59E-13  6.08E-13  3.84E-13  2.71E-13  1.91E-13  1.20E-13  8.41E-14  5.81E-14  3.45E-14  2.22E-14
             1.34E-14  6.15E-15  3.09E-15  1.43E-15  4.63E-16  1.85E-16  7.09E-17  1.91E-17  6.92E-18
    20       4.44E-13  3.14E-13  1.99E-13  1.40E-13  9.92E-14  6.26E-14  4.41E-14  3.10E-14  1.92E-14  1.32E-14
             8.84E-15  4.94E-15  3.01E-15  1.73E-15  7.51E-16  3.71E-16  1.72E-16  5.75E-17  2.38E-17
    21       1.49E-12  1.05E-12  6.66E-13  4.70E-13  3.32E-13  2.08E-13  1.45E-13  9.98E-14  5.86E-14  3.73E-14
             2.24E-14  1.01E-14  5.05E-15  2.32E-15  7.48E-16  2.98E-16  1.14E-16  3.07E-17  1.11E-17
    22       1.42E-13  1.00E-13  6.35E-14  4.49E-14  3.18E-14  2.01E-14  1.42E-14  1.00E-14  6.24E-15  4.30E-15
             2.90E-15  1.63E-15  9.95E-16  5.73E-16  2.49E-16  1.23E-16  5.73E-17  1.91E-17  7.91E-18
    23       2.39E-12  1.69E-12  1.07E-12  7.51E-13  5.27E-13  3.26E-13  2.22E-13  1.47E-13  7.88E-14  4.51E-14
             2.36E-14  8.67E-15  3.70E-15  1.48E-15  4.10E-16  1.51E-16  5.43E-17  1.39E-17  4.94E-18
    24       1.40E-12  9.88E-13  6.19E-13  4.31E-13  2.96E-13  1.72E-13  1.08E-13  6.25E-14  2.63E-14  1.22E-14
             5.16E-15  1.50E-15  5.58E-16  2.03E-16  5.23E-17  1.86E-17  6.60E-18  1.67E-18  5.92E-19
    25       4.68E-13  3.29E-13  2.06E-13  1.44E-13  9.85E-14  5.73E-14  3.59E-14  2.08E-14  8.78E-15  4.06E-15
             1.72E-15  4.98E-16  1.86E-16  6.77E-17  1.74E-17  6.20E-18  2.20E-18  5.58E-19  1.97E-19
    26       2.56E-12  1.80E-12  1.13E-12  7.96E-13  5.53E-13  3.34E-13  2.19E-13  1.37E-13  6.51E-14  3.33E-14
             1.54E-14  4.89E-15  1.91E-15  7.15E-16  1.88E-16  6.74E-17  2.40E-17  6.10E-18  2.16E-18
    27       8.52E-13  6.01E-13  3.78E-13  2.65E-13  1.84E-13  1.11E-13  7.32E-14  4.56E-14  2.17E-14  1.11E-14
             5.13E-15  1.63E-15  6.37E-16  2.38E-16  6.27E-17  2.25E-17  8.00E-18  2.03E-18  7.20E-19
    28       7.96E-13  5.62E-13  3.55E-13  2.50E-13  1.75E-13  1.08E-13  7.40E-14  4.90E-14  2.62E-14  1.50E-14
             7.85E-15  2.89E-15  1.23E-15  4.93E-16  1.37E-16  5.01E-17  1.81E-17  4.64E-18  1.65E-18
    29       4.84E-13  3.42E-13  2.16E-13  1.52E-13  1.08E-13  6.75E-14  4.72E-14  3.25E-14  1.92E-14  1.23E-14
             7.37E-15  3.34E-15  1.67E-15  7.69E-16  2.48E-16  9.89E-17  3.78E-17  1.02E-17  3.69E-18
    30       2.75E-13  1.94E-13  1.23E-13  8.68E-14  6.13E-14  3.86E-14  2.72E-14  1.90E-14  1.17E-14  7.93E-15
             5.26E-15  2.91E-15  1.76E-15  1.01E-15  4.37E-16  2.15E-16  9.99E-17  3.33E-17  1.38E-17
    31       9.27E-13  6.55E-13  4.14E-13  2.92E-13  2.06E-13  1.29E-13  8.97E-14  6.15E-14  3.59E-14  2.27E-14
             1.35E-14  6.06E-15  3.01E-15  1.38E-15  4.45E-16  1.77E-16  6.76E-17  1.82E-17  6.58E-18
    32       8.86E-14  6.26E-14  3.96E-14  2.80E-14  1.98E-14  1.25E-14  8.80E-15  6.17E-15  3.81E-15  2.60E-15
             1.73E-15  9.63E-16  5.85E-16  3.35E-16  1.45E-16  7.16E-17  3.32E-17  1.11E-17  4.58E-18
    33       1.55E-12  1.09E-12  6.89E-13  4.85E-13  3.41E-13  2.10E-13  1.43E-13  9.47E-14  5.05E-14  2.88E-14
             1.50E-14  5.49E-15  2.34E-15  9.34E-16  2.59E-16  9.49E-17  3.42E-17  8.78E-18  3.12E-18
    34       1.60E-12  1.13E-12  7.05E-13  4.91E-13  3.37E-13  1.96E-13  1.23E-13  7.12E-14  3.00E-14  1.39E-14
             5.87E-15  1.70E-15  6.34E-16  2.31E-16  5.95E-17  2.12E-17  7.50E-18  1.90E-18  6.73E-19
    35       5.33E-13  3.75E-13  2.35E-13  1.64E-13  1.12E-13  6.53E-14  4.09E-14  2.37E-14  1.00E-14  4.62E-15
             1.96E-15  5.67E-16  2.11E-16  7.69E-17  1.98E-17  7.05E-18  2.50E-18  6.34E-19  2.24E-19
    36       6.91E-13  4.86E-13  3.02E-13  2.08E-13  1.40E-13  7.79E-14  4.61E-14  2.49E-14  9.39E-15  4.02E-15
             1.60E-15  4.41E-16  1.61E-16  5.77E-17  1.47E-17  5.23E-18  1.85E-18  4.69E-19  1.66E-19
    37       2.30E-13  1.62E-13  1.01E-13  6.95E-14  4.68E-14  2.60E-14  1.54E-14  8.29E-15  3.13E-15  1.34E-15
             5.34E-16  1.47E-16  5.35E-17  1.92E-17  4.91E-18  1.74E-18  6.17E-19  1.56E-19  5.53E-20
    38       1.91E-12  1.35E-12  8.46E-13  5.93E-13  4.13E-13  2.49E-13  1.64E-13  1.02E-13  4.84E-14  2.47E-14
             1.14E-14  3.62E-15  1.41E-15  5.29E-16  1.39E-16  4.98E-17  1.77E-17  4.50E-18  1.59E-18
    39       6.35E-13  4.48E-13  2.82E-13  1.98E-13  1.38E-13  8.29E-14  5.45E-14  3.40E-14  1.61E-14  8.23E-15
             3.80E-15  1.21E-15  4.71E-16  1.76E-16  4.63E-17  1.66E-17  5.91E-18  1.50E-18  5.32E-19
    40       5.15E-13  3.64E-13  2.29E-13  1.62E-13  1.13E-13  7.00E-14  4.77E-14  3.15E-14  1.68E-14  9.58E-15
             4.99E-15  1.83E-15  7.79E-16  3.11E-16  8.63E-17  3.16E-17  1.14E-17  2.92E-18  1.04E-18
    41       3.02E-13  2.13E-13  1.35E-13  9.52E-14  6.71E-14  4.21E-14  2.93E-14  2.01E-14  1.18E-14  7.48E-15
             4.46E-15  2.01E-15  9.99E-16  4.59E-16  1.48E-16  5.88E-17  2.25E-17  6.04E-18  2.19E-18
    42       1.84E-13  1.30E-13  8.22E-14  5.80E-14  4.10E-14  2.58E-14  1.80E-14  1.26E-14  7.64E-15  5.15E-15
             3.39E-15  1.86E-15  1.12E-15  6.39E-16  2.76E-16  1.36E-16  6.30E-17  2.10E-17  8.67E-18
    43       6.22E-13  4.39E-13  2.77E-13  1.96E-13  1.38E-13  8.61E-14  5.97E-14  4.07E-14  2.36E-14  1.48E-14
             8.77E-15  3.92E-15  1.94E-15  8.87E-16  2.85E-16  1.13E-16  4.32E-17  1.16E-17  4.21E-18
    44       5.96E-14  4.21E-14  2.66E-14  1.88E-14  1.33E-14  8.37E-15  5.88E-15  4.10E-15  2.51E-15  1.70E-15
             1.12E-15  6.16E-16  3.72E-16  2.12E-16  9.18E-17  4.52E-17  2.10E-17  6.99E-18  2.89E-18
    45       1.06E-12  7.46E-13  4.71E-13  3.31E-13  2.32E-13  1.43E-13  9.74E-14  6.41E-14  3.40E-14  1.93E-14
             1.00E-14  3.67E-15  1.56E-15  6.22E-16  1.72E-16  6.31E-17  2.28E-17  5.83E-18  2.07E-18
    46       1.40E-12  9.90E-13  6.20E-13  4.32E-13  2.96E-13  1.72E-13  1.08E-13  6.26E-14  2.63E-14  1.22E-14
             5.14E-15  1.49E-15  5.55E-16  2.02E-16  5.21E-17  1.85E-17  6.57E-18  1.66E-18  5.89E-19
    47       4.68E-13  3.30E-13  2.07E-13  1.44E-13  9.87E-14  5.74E-14  3.60E-14  2.09E-14  8.77E-15  4.05E-15
             1.71E-15  4.97E-16  1.85E-16  6.74E-17  1.74E-17  6.17E-18  2.19E-18  5.55E-19  1.96E-19
    48       9.68E-13  6.81E-13  4.24E-13  2.92E-13  1.97E-13  1.09E-13  6.47E-14  3.49E-14  1.32E-14  5.64E-15
             2.24E-15  6.17E-16  2.25E-16  8.08E-17  2.06E-17  7.32E-18  2.59E-18  6.57E-19  2.32E-19
    49       3.23E-13  2.27E-13  1.41E-13  9.74E-14  6.56E-14  3.64E-14  2.16E-14  1.16E-14  4.39E-15  1.88E-15
             7.48E-16  2.06E-16  7.50E-17  2.69E-17  6.88E-18  2.44E-18  8.64E-19  2.19E-19  7.74E-20
    50       3.45E-13  2.42E-13  1.49E-13  1.02E-13  6.68E-14  3.52E-14  1.96E-14  9.86E-15  3.40E-15  1.38E-15
             5.27E-16  1.41E-16  5.06E-17  1.81E-17  4.60E-18  1.63E-18  5.77E-19  1.46E-19  5.16E-20
    51       1.15E-13  8.06E-14  4.98E-14  3.39E-14  2.23E-14  1.17E-14  6.54E-15  3.29E-15  1.13E-15  4.59E-16
             1.76E-16  4.69E-17  1.69E-17  6.03E-18  1.53E-18  5.43E-19  1.92E-19  4.87E-20  1.72E-20
    52       1.40E-12  9.85E-13  6.20E-13  4.35E-13  3.02E-13  1.82E-13  1.20E-13  7.44E-14  3.52E-14  1.79E-14
             8.28E-15  2.62E-15  1.02E-15  3.83E-16  1.01E-16  3.60E-17  1.28E-17  3.26E-18  1.15E-18
    53       4.65E-13  3.28E-13  2.07E-13  1.45E-13  1.01E-13  6.07E-14  3.99E-14  2.48E-14  1.17E-14  5.98E-15
             2.76E-15  8.75E-16  3.41E-16  1.28E-16  3.35E-17  1.20E-17  4.28E-18  1.09E-18  3.85E-19
    54       3.52E-13  2.48E-13  1.57E-13  1.10E-13  7.73E-14  4.77E-14  3.24E-14  2.14E-14  1.13E-14  6.44E-15
             3.34E-15  1.22E-15  5.19E-16  2.07E-16  5.74E-17  2.10E-17  7.59E-18  1.94E-18  6.90E-19
    55       2.03E-13  1.44E-13  9.07E-14  6.40E-14  4.51E-14  2.82E-14  1.96E-14  1.34E-14  7.77E-15  4.90E-15
             2.90E-15  1.30E-15  6.44E-16  2.95E-16  9.47E-17  3.76E-17  1.44E-17  3.86E-18  1.40E-18
    56       1.30E-13  9.21E-14  5.82E-14  4.11E-14  2.90E-14  1.81E-14  1.27E-14  8.76E-15  5.28E-15  3.53E-15
             2.31E-15  1.26E-15  7.56E-16  4.30E-16  1.85E-16  9.12E-17  4.22E-17  1.41E-17  5.81E-18
    57       4.40E-13  3.11E-13  1.96E-13  1.39E-13  9.75E-14  6.07E-14  4.19E-14  2.85E-14  1.63E-14  1.02E-14
             6.01E-15  2.67E-15  1.32E-15  6.03E-16  1.93E-16  7.67E-17  2.93E-17  7.86E-18  2.85E-18
    58       4.24E-14  2.99E-14  1.89E-14  1.34E-14  9.43E-15  5.92E-15  4.14E-15  2.87E-15  1.74E-15  1.17E-15
             7.66E-16  4.18E-16  2.51E-16  1.43E-16  6.17E-17  3.04E-17  1.41E-17  4.69E-18  1.94E-18
    59       7.55E-13  5.33E-13  3.36E-13  2.37E-13  1.66E-13  1.02E-13  6.92E-14  4.54E-14  2.40E-14  1.36E-14
             7.02E-15  2.56E-15  1.08E-15  4.32E-16  1.20E-16  4.39E-17  1.58E-17  4.05E-18  1.44E-18
    60       1.15E-12  8.12E-13  5.09E-13  3.54E-13  2.43E-13  1.41E-13  8.83E-14  5.12E-14  2.15E-14  9.93E-15
             4.19E-15  1.21E-15  4.53E-16  1.65E-16  4.24E-17  1.51E-17  5.35E-18  1.36E-18  4.80E-19
    61       3.84E-13  2.71E-13  1.70E-13  1.18E-13  8.09E-14  4.70E-14  2.94E-14  1.71E-14  7.17E-15  3.31E-15
             1.40E-15  4.05E-16  1.51E-16  5.49E-17  1.41E-17  5.03E-18  1.78E-18  4.52E-19  1.60E-19
    62       9.82E-13  6.91E-13  4.30E-13  2.96E-13  1.99E-13  1.11E-13  6.55E-14  3.53E-14  1.33E-14  5.71E-15
             2.27E-15  6.24E-16  2.28E-16  8.18E-17  2.09E-17  7.41E-18  2.62E-18  6.64E-19  2.35E-19
    63       3.27E-13  2.30E-13  1.43E-13  9.87E-14  6.65E-14  3.69E-14  2.18E-14  1.18E-14  4.44E-15  1.90E-15
             7.57E-16  2.08E-16  7.59E-17  2.73E-17  6.96E-18  2.47E-18  8.75E-19  2.21E-19  7.83E-20
    64       5.75E-13  4.03E-13  2.49E-13  1.69E-13  1.11E-13  5.86E-14  3.27E-14  1.64E-14  5.65E-15  2.29E-15
             8.78E-16  2.34E-16  8.43E-17  3.01E-17  7.66E-18  2.71E-18  9.60E-19  2.43E-19  8.60E-20
    65       1.92E-13  1.34E-13  8.29E-14  5.64E-14  3.71E-14  1.95E-14  1.09E-14  5.47E-15  1.88E-15  7.64E-16
             2.93E-16  7.80E-17  2.81E-17  1.00E-17  2.55E-18  9.04E-19  3.20E-19  8.10E-20  2.87E-20
    66       1.74E-13  1.22E-13  7.42E-14  4.97E-14  3.18E-14  1.58E-14  8.28E-15  3.91E-15  1.25E-15  4.89E-16
             1.83E-16  4.78E-17  1.71E-17  6.09E-18  1.55E-18  5.47E-19  1.94E-19  4.90E-20  1.73E-20
    67       5.80E-14  4.05E-14  2.47E-14  1.66E-14  1.06E-14  5.25E-15  2.76E-15  1.30E-15  4.18E-16  1.63E-16
             6.08E-17  1.59E-17  5.71E-18  2.03E-18  5.15E-19  1.82E-19  6.46E-20  1.63E-20  5.78E-21
    68       1.04E-12  7.32E-13  4.61E-13  3.23E-13  2.24E-13  1.35E-13  8.85E-14  5.50E-14  2.60E-14  1.32E-14
             6.08E-15  1.92E-15  7.50E-16  2.80E-16  7.36E-17  2.64E-17  9.39E-18  2.39E-18  8.45E-19
    69       3.46E-13  2.44E-13  1.54E-13  1.08E-13  7.48E-14  4.50E-14  2.95E-14  1.83E-14  8.65E-15  4.40E-15
             2.03E-15  6.41E-16  2.50E-16  9.34E-17  2.45E-17  8.80E-18  3.13E-18  7.96E-19  2.82E-19
    70       2.51E-13  1.78E-13  1.12E-13  7.88E-14  5.52E-14  3.40E-14  2.31E-14  1.51E-14  7.98E-15  4.52E-15
             2.34E-15  8.52E-16  3.62E-16  1.44E-16  3.99E-17  1.46E-17  5.27E-18  1.35E-18  4.80E-19
    71       1.44E-13  1.02E-13  6.44E-14  4.54E-14  3.20E-14  1.99E-14  1.38E-14  9.39E-15  5.40E-15  3.38E-15
             1.99E-15  8.87E-16  4.38E-16  2.00E-16  6.43E-17  2.55E-17  9.74E-18  2.62E-18  9.48E-19


 -----------------------------------------
 PRTF= 1  TRMPRT= (2S)  SPNPRT= 2  NSYS= 2
                                                                                              -----------------
                                                                                              SYS= 1  SPNSYS= 1
   IREP
   ----
     1       2.70E-11  1.91E-11  1.21E-11  8.54E-12  6.04E-12  3.81E-12  2.69E-12  1.90E-12  1.19E-12  8.29E-13
             5.69E-13  3.34E-13  2.12E-13  1.28E-13  5.87E-14  3.00E-14  1.43E-14  4.88E-15  2.04E-15
     2       6.32E-12  4.47E-12  2.82E-12  1.99E-12  1.41E-12  8.86E-13  6.21E-13  4.32E-13  2.61E-13  1.73E-13
             1.10E-13  5.58E-14  3.11E-14  1.63E-14  6.35E-15  2.92E-15  1.28E-15  4.06E-16  1.63E-16
     3       4.41E-12  3.12E-12  1.97E-12  1.39E-12  9.78E-13  6.11E-13  4.23E-13  2.88E-13  1.65E-13  1.03E-13
             6.10E-14  2.77E-14  1.42E-14  6.93E-15  2.49E-15  1.09E-15  4.63E-16  1.42E-16  5.58E-17
     4       3.38E-12  2.39E-12  1.51E-12  1.06E-12  7.44E-13  4.60E-13  3.14E-13  2.08E-13  1.14E-13  6.74E-14
             3.76E-14  1.59E-14  7.74E-15  3.61E-15  1.24E-15  5.31E-16  2.20E-16  6.61E-17  2.58E-17
     5       2.74E-12  1.94E-12  1.22E-12  8.56E-13  5.98E-13  3.65E-13  2.44E-13  1.58E-13  8.22E-14  4.67E-14
             2.50E-14  9.97E-15  4.70E-15  2.13E-15  7.11E-16  2.99E-16  1.23E-16  3.63E-17  1.41E-17
     6       2.30E-12  1.63E-12  1.02E-12  7.16E-13  4.97E-13  2.99E-13  1.97E-13  1.24E-13  6.17E-14  3.39E-14
             1.75E-14  6.71E-15  3.09E-15  1.37E-15  4.47E-16  1.86E-16  7.56E-17  2.22E-17  8.57E-18
     7       1.99E-12  1.40E-12  8.78E-13  6.13E-13  4.23E-13  2.51E-13  1.62E-13  9.95E-14  4.77E-14  2.54E-14
             1.28E-14  4.75E-15  2.14E-15  9.37E-16  3.01E-16  1.24E-16  5.01E-17  1.46E-17  5.62E-18
     8       1.74E-12  1.23E-12  7.69E-13  5.35E-13  3.67E-13  2.14E-13  1.35E-13  8.14E-14  3.77E-14  1.96E-14
             9.62E-15  3.50E-15  1.55E-15  6.71E-16  2.13E-16  8.73E-17  3.50E-17  1.01E-17  3.89E-18
     9       1.56E-12  1.09E-12  6.83E-13  4.73E-13  3.22E-13  1.85E-13  1.15E-13  6.76E-14  3.04E-14  1.55E-14
             7.46E-15  2.65E-15  1.17E-15  4.99E-16  1.57E-16  6.38E-17  2.55E-17  7.35E-18  2.81E-18
    10       1.40E-12  9.86E-13  6.14E-13  4.23E-13  2.86E-13  1.61E-13  9.87E-14  5.69E-14  2.49E-14  1.24E-14
             5.90E-15  2.07E-15  8.99E-16  3.81E-16  1.19E-16  4.81E-17  1.91E-17  5.51E-18  2.10E-18
    11       1.28E-12  8.97E-13  5.56E-13  3.82E-13  2.56E-13  1.42E-13  8.54E-14  4.84E-14  2.07E-14  1.02E-14
             4.76E-15  1.64E-15  7.08E-16  2.98E-16  9.23E-17  3.72E-17  1.48E-17  4.23E-18  1.61E-18
    12       1.17E-12  8.22E-13  5.08E-13  3.47E-13  2.30E-13  1.26E-13  7.46E-14  4.15E-14  1.74E-14  8.44E-15
             3.90E-15  1.33E-15  5.69E-16  2.38E-16  7.33E-17  2.95E-17  1.17E-17  3.33E-18  1.27E-18
    13       1.08E-12  7.58E-13  4.67E-13  3.17E-13  2.09E-13  1.12E-13  6.56E-14  3.60E-14  1.48E-14  7.08E-15
             3.24E-15  1.09E-15  4.65E-16  1.94E-16  5.92E-17  2.37E-17  9.36E-18  2.67E-18  1.01E-18
    14       1.01E-12  7.03E-13  4.31E-13  2.91E-13  1.90E-13  1.01E-13  5.81E-14  3.14E-14  1.27E-14  6.01E-15
             2.72E-15  9.09E-16  3.85E-16  1.60E-16  4.86E-17  1.94E-17  7.63E-18  2.17E-18  8.24E-19
    15       9.41E-13  6.58E-13  4.02E-13  2.70E-13  1.75E-13  9.10E-14  5.18E-14  2.76E-14  1.10E-14  5.15E-15
             2.32E-15  7.66E-16  3.22E-16  1.33E-16  4.04E-17  1.61E-17  6.32E-18  1.79E-18  6.81E-19
    16       8.83E-13  6.16E-13  3.75E-13  2.50E-13  1.61E-13  8.24E-14  4.63E-14  2.44E-14  9.55E-15  4.44E-15
             1.98E-15  6.51E-16  2.73E-16  1.12E-16  3.39E-17  1.35E-17  5.29E-18  1.50E-18  5.68E-19
    17       7.83E-13  5.44E-13  3.28E-13  2.16E-13  1.36E-13  6.81E-14  3.74E-14  1.93E-14  7.37E-15  3.37E-15
             1.49E-15  4.82E-16  2.01E-16  8.21E-17  2.46E-17  9.77E-18  3.82E-18  1.08E-18  4.07E-19
    18       7.04E-13  4.87E-13  2.91E-13  1.89E-13  1.18E-13  5.73E-14  3.08E-14  1.56E-14  5.84E-15  2.64E-15
             1.15E-15  3.69E-16  1.53E-16  6.21E-17  1.85E-17  7.32E-18  2.86E-18  8.05E-19  3.03E-19
    19       6.38E-13  4.40E-13  2.60E-13  1.67E-13  1.02E-13  4.87E-14  2.57E-14  1.28E-14  4.71E-15  2.10E-15
             9.10E-16  2.89E-16  1.19E-16  4.82E-17  1.43E-17  5.64E-18  2.19E-18  6.17E-19  2.33E-19
    20       5.57E-13  3.81E-13  2.22E-13  1.41E-13  8.41E-14  3.88E-14  2.00E-14  9.77E-15  3.51E-15  1.55E-15
             6.62E-16  2.08E-16  8.50E-17  3.42E-17  1.01E-17  3.97E-18  1.54E-18  4.32E-19  1.63E-19
    21       4.76E-13  3.23E-13  1.84E-13  1.14E-13  6.63E-14  2.94E-14  1.48E-14  7.07E-15  2.48E-15  1.08E-15
             4.56E-16  1.41E-16  5.74E-17  2.30E-17  6.74E-18  2.64E-18  1.02E-18  2.85E-19  1.07E-19
    22       3.87E-13  2.59E-13  1.43E-13  8.56E-14  4.82E-14  2.04E-14  9.98E-15  4.63E-15  1.58E-15  6.76E-16
             2.82E-16  8.64E-17  3.47E-17  1.38E-17  4.02E-18  1.57E-18  6.03E-19  1.68E-19  6.30E-20
    23       3.42E-13  2.26E-13  1.22E-13  7.20E-14  3.97E-14  1.64E-14  7.89E-15  3.61E-15  1.21E-15  5.15E-16
             2.13E-16  6.49E-17  2.60E-17  1.03E-17  2.98E-18  1.16E-18  4.46E-19  1.24E-19  4.64E-20
    24       2.90E-13  1.89E-13  9.92E-14  5.68E-14  3.05E-14  1.22E-14  5.74E-15  2.59E-15  8.54E-16  3.58E-16
             1.47E-16  4.43E-17  1.76E-17  6.96E-18  2.01E-18  7.78E-19  2.98E-19  8.27E-20  3.09E-20
    25       2.62E-13  1.69E-13  8.71E-14  4.91E-14  2.59E-14  1.02E-14  4.74E-15  2.11E-15  6.90E-16  2.88E-16
             1.18E-16  3.53E-17  1.40E-17  5.51E-18  1.59E-18  6.14E-19  2.35E-19  6.50E-20  2.43E-20
    26       2.28E-13  1.44E-13  7.25E-14  4.00E-14  2.07E-14  7.93E-15  3.63E-15  1.60E-15  5.16E-16  2.14E-16
             8.69E-17  2.59E-17  1.02E-17  4.01E-18  1.15E-18  4.44E-19  1.70E-19  4.69E-20  1.75E-20
    27       2.00E-13  1.25E-13  6.11E-14  3.30E-14  1.68E-14  6.30E-15  2.85E-15  1.24E-15  3.97E-16  1.63E-16
             6.61E-17  1.96E-17  7.72E-18  3.02E-18  8.64E-19  3.33E-19  1.27E-19  3.50E-20  1.30E-20
    28       1.67E-13  1.02E-13  4.83E-14  2.54E-14  1.26E-14  4.62E-15  2.06E-15  8.85E-16  2.79E-16  1.14E-16
             4.58E-17  1.35E-17  5.30E-18  2.07E-18  5.89E-19  2.26E-19  8.61E-20  2.37E-20  8.80E-21
    29       1.37E-13  8.13E-14  3.71E-14  1.91E-14  9.24E-15  3.30E-15  1.45E-15  6.15E-16  1.91E-16  7.76E-17
             3.10E-17  9.07E-18  3.55E-18  1.38E-18  3.92E-19  1.50E-19  5.70E-20  1.57E-20  5.83E-21
    30       1.00E-13  5.75E-14  2.50E-14  1.24E-14  5.81E-15  2.00E-15  8.61E-16  3.61E-16  1.11E-16  4.44E-17
             1.76E-17  5.10E-18  1.99E-18  7.68E-19  2.17E-19  8.29E-20  3.14E-20  8.61E-21  3.19E-21
    31       8.09E-14  4.51E-14  1.89E-14  9.16E-15  4.22E-15  1.43E-15  6.07E-16  2.52E-16  7.65E-17  3.05E-17
             1.20E-17  3.48E-18  1.35E-18  5.20E-19  1.47E-19  5.59E-20  2.11E-20  5.78E-21  2.14E-21
    32       5.85E-14  3.15E-14  1.26E-14  5.93E-15  2.67E-15  8.81E-16  3.69E-16  1.51E-16  4.54E-17  1.80E-17
             7.05E-18  2.02E-18  7.81E-19  3.00E-19  8.42E-20  3.20E-20  1.21E-20  3.30E-21  1.22E-21
    33       4.54E-14  2.38E-14  9.23E-15  4.26E-15  1.89E-15  6.12E-16  2.54E-16  1.03E-16  3.07E-17  1.21E-17
             4.73E-18  1.35E-18  5.20E-19  1.99E-19  5.58E-20  2.12E-20  7.98E-21  2.17E-21  8.01E-22
    34       3.09E-14  1.56E-14  5.79E-15  2.60E-15  1.13E-15  3.59E-16  1.47E-16  5.92E-17  1.74E-17  6.82E-18
             2.65E-18  7.53E-19  2.89E-19  1.10E-19  3.08E-20  1.16E-20  4.38E-21  1.19E-21  4.40E-22
    35       2.26E-14  1.11E-14  4.01E-15  1.77E-15  7.58E-16  2.37E-16  9.63E-17  3.85E-17  1.13E-17  4.39E-18
             1.70E-18  4.81E-19  1.84E-19  7.01E-20  1.95E-20  7.36E-21  2.77E-21  7.50E-22  2.77E-22
    36       1.38E-14  6.51E-15  2.26E-15  9.75E-16  4.09E-16  1.26E-16  5.04E-17  2.00E-17  5.79E-18  2.24E-18
             8.64E-19  2.43E-19  9.26E-20  3.52E-20  9.74E-21  3.67E-21  1.38E-21  3.72E-22  1.37E-22
    37       9.74E-15  4.51E-15  1.53E-15  6.50E-16  2.70E-16  8.19E-17  3.27E-17  1.29E-17  3.71E-18  1.43E-18
             5.50E-19  1.54E-19  5.86E-20  2.22E-20  6.13E-21  2.31E-21  8.64E-22  2.33E-22  8.57E-23
    38       5.70E-15  2.56E-15  8.41E-16  3.52E-16  1.44E-16  4.30E-17  1.70E-17  6.65E-18  1.90E-18  7.30E-19
             2.79E-19  7.78E-20  2.95E-20  1.12E-20  3.07E-21  1.15E-21  4.31E-22  1.16E-22  4.27E-23
    39       3.83E-15  1.69E-15  5.45E-16  2.25E-16  9.13E-17  2.71E-17  1.06E-17  4.14E-18  1.18E-18  4.51E-19
             1.72E-19  4.78E-20  1.81E-20  6.82E-21  1.87E-21  7.03E-22  2.62E-22  7.06E-23  2.59E-23
    40       2.02E-15  8.68E-16  2.73E-16  1.11E-16  4.46E-17  1.31E-17  5.10E-18  1.97E-18  5.57E-19  2.12E-19
             8.07E-20  2.23E-20  8.42E-21  3.17E-21  8.68E-22  3.25E-22  1.21E-22  3.25E-23  1.19E-23
    41       1.40E-15  5.97E-16  1.86E-16  7.52E-17  3.00E-17  8.72E-18  3.39E-18  1.31E-18  3.68E-19  1.40E-19
             5.32E-20  1.47E-20  5.53E-21  2.08E-21  5.68E-22  2.12E-22  7.91E-23  2.12E-23  7.75E-24
    42       8.21E-16  3.45E-16  1.06E-16  4.26E-17  1.69E-17  4.88E-18  1.89E-18  7.27E-19  2.04E-19  7.74E-20
             2.93E-20  8.07E-21  3.03E-21  1.14E-21  3.11E-22  1.16E-22  4.32E-23  1.16E-23  4.24E-24

                                                                                              -----------------
                                                                                              SYS= 2  SPNSYS= 3
   IREP
   ----
     2       2.07E-11  1.46E-11  9.26E-12  6.54E-12  4.62E-12  2.90E-12  2.03E-12  1.41E-12  8.51E-13  5.61E-13
             3.54E-13  1.78E-13  9.83E-14  5.11E-14  1.97E-14  9.02E-15  3.95E-15  1.24E-15  4.98E-16
     3       1.36E-11  9.64E-12  6.09E-12  4.29E-12  3.02E-12  1.89E-12  1.31E-12  8.89E-13  5.10E-13  3.18E-13
             1.87E-13  8.48E-14  4.34E-14  2.11E-14  7.56E-15  3.31E-15  1.40E-15  4.28E-16  1.69E-16
     4       1.03E-11  7.27E-12  4.58E-12  3.23E-12  2.26E-12  1.40E-12  9.54E-13  6.33E-13  3.45E-13  2.05E-13
             1.14E-13  4.80E-14  2.34E-14  1.09E-14  3.74E-15  1.60E-15  6.64E-16  1.99E-16  7.76E-17
     5       8.29E-12  5.85E-12  3.68E-12  2.59E-12  1.81E-12  1.10E-12  7.39E-13  4.77E-13  2.48E-13  1.41E-13
             7.53E-14  3.01E-14  1.42E-14  6.42E-15  2.14E-15  9.00E-16  3.69E-16  1.09E-16  4.24E-17
     6       6.94E-12  4.90E-12  3.08E-12  2.16E-12  1.50E-12  9.01E-13  5.93E-13  3.73E-13  1.86E-13  1.02E-13
             5.26E-14  2.02E-14  9.29E-15  4.12E-15  1.35E-15  5.60E-16  2.27E-16  6.67E-17  2.57E-17
     7       5.98E-12  4.21E-12  2.64E-12  1.85E-12  1.27E-12  7.54E-13  4.87E-13  2.99E-13  1.43E-13  7.64E-14
             3.84E-14  1.43E-14  6.45E-15  2.82E-15  9.05E-16  3.73E-16  1.50E-16  4.39E-17  1.69E-17
     8       5.25E-12  3.70E-12  2.31E-12  1.61E-12  1.10E-12  6.42E-13  4.07E-13  2.45E-13  1.13E-13  5.89E-14
             2.89E-14  1.05E-14  4.67E-15  2.02E-15  6.40E-16  2.62E-16  1.05E-16  3.05E-17  1.17E-17
     9       4.67E-12  3.29E-12  2.05E-12  1.42E-12  9.67E-13  5.55E-13  3.46E-13  2.03E-13  9.14E-14  4.65E-14
             2.24E-14  7.97E-15  3.50E-15  1.50E-15  4.70E-16  1.91E-16  7.64E-17  2.21E-17  8.44E-18
    10       4.21E-12  2.96E-12  1.84E-12  1.27E-12  8.58E-13  4.84E-13  2.96E-13  1.71E-13  7.48E-14  3.74E-14
             1.77E-14  6.20E-15  2.70E-15  1.14E-15  3.57E-16  1.44E-16  5.74E-17  1.65E-17  6.31E-18
    11       3.84E-12  2.69E-12  1.67E-12  1.15E-12  7.68E-13  4.26E-13  2.57E-13  1.45E-13  6.21E-14  3.06E-14
             1.43E-14  4.93E-15  2.13E-15  8.96E-16  2.77E-16  1.12E-16  4.43E-17  1.27E-17  4.84E-18
    12       3.52E-12  2.47E-12  1.53E-12  1.04E-12  6.91E-13  3.77E-13  2.24E-13  1.25E-13  5.22E-14  2.53E-14
             1.17E-14  3.99E-15  1.71E-15  7.15E-16  2.20E-16  8.84E-17  3.50E-17  1.00E-17  3.80E-18
    13       3.25E-12  2.28E-12  1.40E-12  9.51E-13  6.27E-13  3.37E-13  1.97E-13  1.08E-13  4.44E-14  2.13E-14
             9.73E-15  3.28E-15  1.39E-15  5.81E-16  1.78E-16  7.12E-17  2.81E-17  8.01E-18  3.05E-18
    14       3.02E-12  2.11E-12  1.29E-12  8.74E-13  5.71E-13  3.02E-13  1.74E-13  9.42E-14  3.81E-14  1.80E-14
             8.18E-15  2.73E-15  1.15E-15  4.79E-16  1.46E-16  5.82E-17  2.29E-17  6.52E-18  2.47E-18
    15       2.83E-12  1.97E-12  1.21E-12  8.09E-13  5.24E-13  2.73E-13  1.55E-13  8.29E-14  3.29E-14  1.54E-14
             6.95E-15  2.30E-15  9.67E-16  3.99E-16  1.21E-16  4.83E-17  1.90E-17  5.38E-18  2.04E-18
    16       2.65E-12  1.85E-12  1.12E-12  7.50E-13  4.82E-13  2.47E-13  1.39E-13  7.32E-14  2.87E-14  1.33E-14
             5.94E-15  1.95E-15  8.18E-16  3.37E-16  1.02E-16  4.05E-17  1.59E-17  4.50E-18  1.70E-18
    17       2.35E-12  1.63E-12  9.83E-13  6.48E-13  4.10E-13  2.05E-13  1.12E-13  5.79E-14  2.21E-14  1.01E-14
             4.46E-15  1.45E-15  6.02E-16  2.46E-16  7.39E-17  2.93E-17  1.15E-17  3.24E-18  1.22E-18
    18       2.11E-12  1.46E-12  8.72E-13  5.68E-13  3.53E-13  1.72E-13  9.26E-14  4.68E-14  1.75E-14  7.92E-15
             3.45E-15  1.11E-15  4.58E-16  1.86E-16  5.56E-17  2.20E-17  8.57E-18  2.41E-18  9.08E-19
    19       1.92E-12  1.32E-12  7.80E-13  5.02E-13  3.07E-13  1.46E-13  7.72E-14  3.84E-14  1.41E-14  6.32E-15
             2.73E-15  8.68E-16  3.57E-16  1.45E-16  4.30E-17  1.69E-17  6.58E-18  1.85E-18  6.99E-19
    20       1.67E-12  1.14E-12  6.66E-13  4.22E-13  2.52E-13  1.16E-13  6.01E-14  2.93E-14  1.05E-14  4.65E-15
             1.99E-15  6.24E-16  2.55E-16  1.03E-16  3.03E-17  1.19E-17  4.62E-18  1.30E-18  4.88E-19
    21       1.43E-12  9.68E-13  5.51E-13  3.41E-13  1.99E-13  8.84E-14  4.45E-14  2.12E-14  7.44E-15  3.23E-15
             1.37E-15  4.25E-16  1.72E-16  6.89E-17  2.02E-17  7.91E-18  3.06E-18  8.55E-19  3.21E-19
    22       1.16E-12  7.76E-13  4.28E-13  2.57E-13  1.45E-13  6.13E-14  2.99E-14  1.39E-14  4.74E-15  2.03E-15
             8.46E-16  2.59E-16  1.04E-16  4.14E-17  1.21E-17  4.70E-18  1.81E-18  5.04E-19  1.89E-19
    23       1.03E-12  6.79E-13  3.67E-13  2.16E-13  1.19E-13  4.93E-14  2.37E-14  1.08E-14  3.64E-15  1.54E-15
             6.40E-16  1.95E-16  7.79E-17  3.09E-17  8.95E-18  3.48E-18  1.34E-18  3.72E-19  1.39E-19
    24       8.71E-13  5.67E-13  2.98E-13  1.71E-13  9.16E-14  3.66E-14  1.72E-14  7.76E-15  2.56E-15  1.07E-15
             4.41E-16  1.33E-16  5.29E-17  2.09E-17  6.03E-18  2.33E-18  8.95E-19  2.48E-19  9.28E-20
    25       7.87E-13  5.07E-13  2.61E-13  1.47E-13  7.78E-14  3.06E-14  1.42E-14  6.33E-15  2.07E-15  8.64E-16
             3.53E-16  1.06E-16  4.20E-17  1.65E-17  4.76E-18  1.84E-18  7.05E-19  1.95E-19  7.29E-20
    26       6.84E-13  4.33E-13  2.17E-13  1.20E-13  6.20E-14  2.38E-14  1.09E-14  4.80E-15  1.55E-15  6.41E-16
             2.61E-16  7.77E-17  3.07E-17  1.20E-17  3.46E-18  1.33E-18  5.10E-19  1.41E-19  5.25E-20
    27       6.00E-13  3.74E-13  1.83E-13  9.91E-14  5.04E-14  1.89E-14  8.55E-15  3.73E-15  1.19E-15  4.90E-16
             1.98E-16  5.87E-17  2.32E-17  9.06E-18  2.59E-18  9.98E-19  3.81E-19  1.05E-19  3.91E-20
    28       5.01E-13  3.06E-13  1.45E-13  7.63E-14  3.79E-14  1.39E-14  6.17E-15  2.66E-15  8.38E-16  3.42E-16
             1.37E-16  4.05E-17  1.59E-17  6.20E-18  1.77E-18  6.78E-19  2.58E-19  7.10E-20  2.64E-20
    29       4.10E-13  2.44E-13  1.11E-13  5.72E-14  2.77E-14  9.89E-15  4.34E-15  1.84E-15  5.74E-16  2.33E-16
             9.30E-17  2.72E-17  1.06E-17  4.14E-18  1.17E-18  4.50E-19  1.71E-19  4.70E-20  1.75E-20
    30       3.01E-13  1.73E-13  7.49E-14  3.71E-14  1.74E-14  6.01E-15  2.58E-15  1.08E-15  3.32E-16  1.33E-16
             5.28E-17  1.53E-17  5.96E-18  2.30E-18  6.51E-19  2.49E-19  9.43E-20  2.58E-20  9.58E-21
    31       2.43E-13  1.35E-13  5.67E-14  2.75E-14  1.27E-14  4.29E-15  1.82E-15  7.56E-16  2.29E-16  9.16E-17
             3.61E-17  1.04E-17  4.05E-18  1.56E-18  4.40E-19  1.68E-19  6.34E-20  1.73E-20  6.43E-21
    32       1.76E-13  9.44E-14  3.78E-14  1.78E-14  8.01E-15  2.64E-15  1.11E-15  4.54E-16  1.36E-16  5.39E-17
             2.12E-17  6.07E-18  2.34E-18  9.01E-19  2.53E-19  9.61E-20  3.63E-20  9.89E-21  3.66E-21
    33       1.36E-13  7.14E-14  2.77E-14  1.28E-14  5.66E-15  1.84E-15  7.61E-16  3.10E-16  9.21E-17  3.63E-17
             1.42E-17  4.05E-18  1.56E-18  5.98E-19  1.67E-19  6.35E-20  2.40E-20  6.51E-21  2.40E-21
    34       9.26E-14  4.67E-14  1.74E-14  7.81E-15  3.39E-15  1.08E-15  4.41E-16  1.77E-16  5.23E-17  2.05E-17
             7.96E-18  2.26E-18  8.66E-19  3.31E-19  9.23E-20  3.49E-20  1.31E-20  3.57E-21  1.32E-21
    35       6.78E-14  3.33E-14  1.20E-14  5.31E-15  2.27E-15  7.11E-16  2.89E-16  1.16E-16  3.38E-17  1.32E-17
             5.10E-18  1.44E-18  5.52E-19  2.10E-19  5.84E-20  2.21E-20  8.30E-21  2.25E-21  8.30E-22
    36       4.13E-14  1.95E-14  6.78E-15  2.93E-15  1.23E-15  3.77E-16  1.51E-16  6.00E-17  1.74E-17  6.73E-18
             2.59E-18  7.29E-19  2.78E-19  1.06E-19  2.92E-20  1.10E-20  4.13E-21  1.12E-21  4.11E-22
    37       2.92E-14  1.35E-14  4.59E-15  1.95E-15  8.10E-16  2.46E-16  9.80E-17  3.86E-17  1.11E-17  4.29E-18
             1.65E-18  4.62E-19  1.76E-19  6.66E-20  1.84E-20  6.92E-21  2.59E-21  6.99E-22  2.57E-22
    38       1.71E-14  7.67E-15  2.52E-15  1.05E-15  4.31E-16  1.29E-16  5.10E-17  2.00E-17  5.70E-18  2.19E-18
             8.38E-19  2.34E-19  8.85E-20  3.35E-20  9.21E-21  3.46E-21  1.29E-21  3.49E-22  1.28E-22
    39       1.15E-14  5.07E-15  1.63E-15  6.76E-16  2.74E-16  8.12E-17  3.19E-17  1.24E-17  3.53E-18  1.35E-18
             5.16E-19  1.43E-19  5.42E-20  2.05E-20  5.62E-21  2.11E-21  7.87E-22  2.12E-22  7.78E-23
    40       6.06E-15  2.61E-15  8.20E-16  3.34E-16  1.34E-16  3.92E-17  1.53E-17  5.92E-18  1.67E-18  6.37E-19
             2.42E-19  6.70E-20  2.53E-20  9.51E-21  2.60E-21  9.74E-22  3.63E-22  9.74E-23  3.57E-23
    41       4.21E-15  1.79E-15  5.57E-16  2.25E-16  8.99E-17  2.62E-17  1.02E-17  3.93E-18  1.10E-18  4.21E-19
             1.59E-19  4.40E-20  1.66E-20  6.23E-21  1.71E-21  6.37E-22  2.37E-22  6.36E-23  2.33E-23
    42       2.46E-15  1.04E-15  3.18E-16  1.28E-16  5.06E-17  1.46E-17  5.67E-18  2.18E-18  6.11E-19  2.32E-19
             8.79E-20  2.42E-20  9.10E-21  3.42E-21  9.33E-22  3.48E-22  1.30E-22  3.47E-23  1.27E-23



    T(K)     ALFT( 1)  ALFT( 2)  ALFT( 3)  ALFT( 4)  ALFT( 5)  ALFT( 6)  ALFT( 7)  ALFT( 8)  ALFT( 9)  ALFT(10)
    ----     --------  --------  --------  --------  --------  --------  --------  --------  --------  --------
  8.10E+02   2.97E-10
  1.62E+03   1.98E-10
  4.05E+03   1.14E-10
  8.10E+03   7.31E-11
  1.62E+04   4.68E-11
  4.05E+04   2.58E-11
  8.10E+04   1.63E-11
  1.62E+05   1.02E-11
  4.05E+05   5.34E-12
  8.10E+05   3.22E-12
  1.62E+06   1.90E-12
  4.05E+06   9.10E-13
  8.10E+06   5.04E-13
  1.62E+07   2.69E-13
  4.05E+07   1.10E-13
  8.10E+07   5.26E-14
  1.62E+08   2.39E-14
  4.05E+08   7.85E-15
  8.10E+08   3.22E-15
C--------------------------------------------------------------------------------------------------------------
C
C See N. R. Badnell, ApJS, vol 167 (2006) p334
C DOI: 10.1086/508465
C
C NAME: N R Badnell
C DATE: Jan 2006
C
C--------------------------------------------------------------------------------------------------------------

C-----------------------------------------------------------------------
C                               OPEN-ADAS
C                               +++++++++
C
C This file has been downloaded from OPEN-ADAS (http://open.adas.ac.uk)
C on 25-Aug-2022.
C
C TERMS AND CONDITIONS
C --------------------
C
C The user of the OPEN-ADAS system and data (hereinafter "the User")
C accepts the following terms and conditions:
C
C   1. The University of Strathclyde uses all reasonable endeavours to
C      ensure the accuracy of the data provided and any information
C      given, but the University makes no warranty, expressed or implied
C      as to its accuracy, integrity, fitness for purpose and shall not
C      be responsible for the use to which the data is put by the User
C      and/or any consequences arising out of any inaccuracies or
C      omissions.
C
C   2. Any downloaded OPEN-ADAS file is made available for the
C      personal use of the User only.  It must not be used for any
C      commercial application, incorporated into any web site or in
C      any form re-distributed without express prior written permission
C      from the ADAS Project. In particular, but not by way of
C      limitation, it must not be:
C        *  inserted into a managed database structure,
C        *  redistributed along with a modelling or analysis code,
C        *  made available on a public website.
C
C Permission for OPEN-ADAS data incorporation in non-commercial
C code/system development for scientific advance will not be
C unreasonably withheld, but will be subject to written agreement
C on a case by case basis.
C
C The User will indemnify the University of Strathclyde and keep it
C fully and effectively indemnified against each and every claim made
C against the University as a result of the User's use of the data.
C
C-----------------------------------------------------------------------
