SEQ='LI'     NUCCHG=10                                                  /LS/

   PARENT TERM INDEXING                 BWNP=  20600139.0   NPRNTI= 1   NPRNTF= 1
   --------------------
   INDP         CODE                 S L   WI        WNP
   ----         ----                 - -   --  ----------
     1          1S2                 (1)0( 0.0)        0.0 

   LS RESOLVED TERM INDEXING            BWNR=  22526370.7   NTRM=  35
   -------------------------
   INDX  INDP   CODE                 S L   WJ        WNR
   ----  ----   ----                 - -   --  ----------
     1     1    2S1                 (2)0( 0.5)        0.0 
     2     1    2P1                 (2)1( 2.5)   130214.0 
     3     1    3S1                 (2)0( 0.5)  1098493.5 
     4     1    3P1                 (2)1( 2.5)  1133865.9 
     5     1    3D1                 (2)2( 4.5)  1145516.6 
     6     1    4S1                 (2)0( 0.5)  1467761.1 
     7     1    4P1                 (2)1( 2.5)  1482215.5 
     8     1    4D1                 (2)2( 4.5)  1487080.5 
     9     1    4F1                 (2)3( 6.5)  1487280.1 
    10     1    5S1                 (2)0( 0.5)  1635429.6 
    11     1    5P1                 (2)1( 2.5)  1642711.6 
    12     1    5G1                 (2)4( 8.5)  1645126.2 
    13     1    5D1                 (2)2( 4.5)  1645189.3 
    14     1    5F1                 (2)3( 6.5)  1645302.3 
    15     1    6S1                 (2)0( 0.5)  1725470.1 
    16     1    6P1                 (2)1( 2.5)  1729643.8 
    17     1    6G1                 (2)4( 8.5)  1731040.1 
    18     1    6D1                 (2)2( 4.5)  1731073.1 
    19     1    6H1                 (2)5(10.5)  1731090.0 
    20     1    6F1                 (2)3( 6.5)  1731141.8 
    21     1    7S1                 (2)0( 0.5)  1779346.0 
    22     1    7P1                 (2)1( 2.5)  1781957.6 
    23     1    7G1                 (2)4( 8.5)  1782836.5 
    24     1    7D1                 (2)2( 4.5)  1782855.9 
    25     1    7H1                 (2)5(10.5)  1782867.8 
    26     1    7I1                 (2)6(12.5)  1782881.8 
    27     1    7F1                 (2)3( 6.5)  1782900.4 
    28     1    8S1                 (2)0( 0.5)  1814120.7 
    29     1    8P1                 (2)1( 2.5)  1815862.4 
    30     1    8G1                 (2)4( 8.5)  1816450.9 
    31     1    8D1                 (2)2( 4.5)  1816463.4 
    32     1    8H1                 (2)5(10.5)  1816471.9 
    33     1    8I1                 (2)6(12.5)  1816481.3 
    34     1    8J1                 (2)7(14.5)  1816486.1 
    35     1    8F1                 (2)3( 6.5)  1816493.7 

   N-SHELL INDEXING                                     NREP= 42
   ----------------
   IREP    N
   -----   -
     1     1
     2     2
     3     3
     4     4
     5     5
     6     6
     7     7
     8     8
     9     9
    10    10
    11    11
    12    12
    13    13
    14    14
    15    15
    16    16
    17    18
    18    20
    19    22
    20    25
    21    29
    22    35
    23    39
    24    45
    25    49
    26    55
    27    61
    28    70
    29    81
    30   100
    31   115
    32   140
    33   162
    34   200
    35   235
    36   300
    37   353
    38   450
    39   535
    40   700
    41   811
    42   999



 --------------------------------
 PRTI= 1  TRMPRT= (1S)  SPNPRT= 1

   INDX TE=  6.40E+02  1.28E+03  3.20E+03  6.40E+03  1.28E+04  3.20E+04  6.40E+04  1.28E+05  3.20E+05  6.40E+05
   ---- ---  1.28E+06  3.20E+06  6.40E+06  1.28E+07  3.20E+07  6.40E+07  1.28E+08  3.20E+08  6.40E+08
     1       6.37E-12  4.50E-12  2.85E-12  2.01E-12  1.42E-12  9.02E-13  6.38E-13  4.52E-13  2.87E-13  2.03E-13
             1.43E-13  8.64E-14  5.63E-14  3.45E-14  1.62E-14  8.42E-15  4.07E-15  1.41E-15  5.93E-16
     2       1.87E-11  1.32E-11  8.33E-12  5.88E-12  4.15E-12  2.61E-12  1.82E-12  1.26E-12  7.50E-13  4.85E-13
             2.98E-13  1.40E-13  7.19E-14  3.41E-14  1.14E-14  4.66E-15  1.81E-15  4.95E-16  1.81E-16
     3       1.94E-12  1.37E-12  8.67E-13  6.13E-13  4.34E-13  2.75E-13  1.95E-13  1.38E-13  8.82E-14  6.25E-14
             4.38E-14  2.62E-14  1.69E-14  1.02E-14  4.76E-15  2.45E-15  1.18E-15  4.06E-16  1.71E-16
     4       6.82E-12  4.82E-12  3.05E-12  2.15E-12  1.52E-12  9.54E-13  6.67E-13  4.62E-13  2.76E-13  1.79E-13
             1.09E-13  5.12E-14  2.62E-14  1.24E-14  4.12E-15  1.68E-15  6.51E-16  1.77E-16  6.47E-17
     5       7.43E-12  5.25E-12  3.31E-12  2.33E-12  1.64E-12  1.01E-12  6.90E-13  4.57E-13  2.46E-13  1.41E-13
             7.43E-14  2.76E-14  1.18E-14  4.75E-15  1.33E-15  4.88E-16  1.77E-16  4.53E-17  1.61E-17
     6       8.65E-13  6.12E-13  3.87E-13  2.74E-13  1.94E-13  1.23E-13  8.70E-14  6.18E-14  3.93E-14  2.77E-14
             1.92E-14  1.14E-14  7.24E-15  4.35E-15  2.00E-15  1.03E-15  4.92E-16  1.69E-16  7.09E-17
     7       3.21E-12  2.27E-12  1.43E-12  1.01E-12  7.15E-13  4.49E-13  3.14E-13  2.17E-13  1.29E-13  8.35E-14
             5.09E-14  2.36E-14  1.20E-14  5.66E-15  1.87E-15  7.60E-16  2.95E-16  8.01E-17  2.92E-17
     8       4.64E-12  3.28E-12  2.07E-12  1.46E-12  1.02E-12  6.33E-13  4.32E-13  2.86E-13  1.54E-13  8.84E-14
             4.64E-14  1.72E-14  7.36E-15  2.95E-15  8.23E-16  3.03E-16  1.09E-16  2.81E-17  9.97E-18
     9       3.44E-12  2.43E-12  1.53E-12  1.07E-12  7.45E-13  4.49E-13  2.95E-13  1.84E-13  8.77E-14  4.48E-14
             2.08E-14  6.61E-15  2.58E-15  9.68E-16  2.55E-16  9.13E-17  3.25E-17  8.26E-18  2.92E-18
    10       4.70E-13  3.32E-13  2.10E-13  1.49E-13  1.05E-13  6.66E-14  4.72E-14  3.35E-14  2.11E-14  1.48E-14
             1.02E-14  5.93E-15  3.75E-15  2.24E-15  1.02E-15  5.24E-16  2.50E-16  8.59E-17  3.60E-17
    11       1.78E-12  1.26E-12  7.97E-13  5.63E-13  3.97E-13  2.49E-13  1.74E-13  1.20E-13  7.11E-14  4.57E-14
             2.77E-14  1.27E-14  6.45E-15  3.02E-15  9.96E-16  4.03E-16  1.56E-16  4.24E-17  1.55E-17
    12       1.66E-12  1.17E-12  7.34E-13  5.11E-13  3.50E-13  2.04E-13  1.28E-13  7.41E-14  3.12E-14  1.44E-14
             6.11E-15  1.77E-15  6.61E-16  2.41E-16  6.20E-17  2.21E-17  7.82E-18  1.98E-18  7.01E-19
    13       2.85E-12  2.01E-12  1.27E-12  8.93E-13  6.27E-13  3.88E-13  2.64E-13  1.75E-13  9.38E-14  5.37E-14
             2.81E-14  1.04E-14  4.43E-15  1.78E-15  4.95E-16  1.82E-16  6.57E-17  1.68E-17  5.99E-18
    14       3.03E-12  2.14E-12  1.35E-12  9.43E-13  6.56E-13  3.96E-13  2.60E-13  1.62E-13  7.72E-14  3.94E-14
             1.83E-14  5.80E-15  2.27E-15  8.48E-16  2.23E-16  8.00E-17  2.85E-17  7.24E-18  2.56E-18
    15       2.88E-13  2.03E-13  1.29E-13  9.10E-14  6.44E-14  4.07E-14  2.88E-14  2.03E-14  1.27E-14  8.85E-15
             6.03E-15  3.48E-15  2.19E-15  1.30E-15  5.92E-16  3.02E-16  1.44E-16  4.95E-17  2.07E-17
    16       1.11E-12  7.81E-13  4.94E-13  3.49E-13  2.46E-13  1.54E-13  1.07E-13  7.39E-14  4.34E-14  2.77E-14
             1.67E-14  7.61E-15  3.84E-15  1.79E-15  5.90E-16  2.39E-16  9.23E-17  2.51E-17  9.13E-18
    17       1.89E-12  1.33E-12  8.36E-13  5.82E-13  3.99E-13  2.32E-13  1.45E-13  8.44E-14  3.56E-14  1.64E-14
             6.96E-15  2.02E-15  7.52E-16  2.74E-16  7.05E-17  2.51E-17  8.89E-18  2.25E-18  7.97E-19
    18       1.84E-12  1.30E-12  8.19E-13  5.77E-13  4.05E-13  2.50E-13  1.70E-13  1.13E-13  6.01E-14  3.43E-14
             1.79E-14  6.57E-15  2.80E-15  1.12E-15  3.12E-16  1.15E-16  4.14E-17  1.06E-17  3.77E-18
    19       8.19E-13  5.76E-13  3.58E-13  2.47E-13  1.66E-13  9.23E-14  5.47E-14  2.95E-14  1.11E-14  4.77E-15
             1.90E-15  5.22E-16  1.90E-16  6.84E-17  1.75E-17  6.20E-18  2.19E-18  5.56E-19  1.97E-19
    20       2.26E-12  1.59E-12  1.00E-12  7.03E-13  4.89E-13  2.95E-13  1.94E-13  1.21E-13  5.74E-14  2.93E-14
             1.35E-14  4.29E-15  1.67E-15  6.27E-16  1.65E-16  5.91E-17  2.10E-17  5.34E-18  1.89E-18
    21       1.91E-13  1.35E-13  8.54E-14  6.04E-14  4.27E-14  2.70E-14  1.90E-14  1.34E-14  8.31E-15  5.72E-15
             3.87E-15  2.21E-15  1.38E-15  8.19E-16  3.73E-16  1.90E-16  9.06E-17  3.10E-17  1.30E-17
    22       7.40E-13  5.23E-13  3.30E-13  2.33E-13  1.64E-13  1.03E-13  7.14E-14  4.89E-14  2.85E-14  1.81E-14
             1.08E-14  4.91E-15  2.47E-15  1.15E-15  3.78E-16  1.52E-16  5.89E-17  1.60E-17  5.83E-18
    23       1.67E-12  1.17E-12  7.35E-13  5.12E-13  3.51E-13  2.04E-13  1.28E-13  7.42E-14  3.12E-14  1.44E-14
             6.09E-15  1.77E-15  6.58E-16  2.40E-16  6.17E-17  2.20E-17  7.79E-18  1.97E-18  6.98E-19
    24       1.26E-12  8.87E-13  5.59E-13  3.94E-13  2.76E-13  1.70E-13  1.16E-13  7.63E-14  4.05E-14  2.30E-14
             1.20E-14  4.39E-15  1.87E-15  7.47E-16  2.07E-16  7.62E-17  2.75E-17  7.06E-18  2.51E-18
    25       1.15E-12  8.07E-13  5.02E-13  3.46E-13  2.33E-13  1.30E-13  7.67E-14  4.13E-14  1.56E-14  6.68E-15
             2.66E-15  7.31E-16  2.67E-16  9.57E-17  2.45E-17  8.68E-18  3.07E-18  7.78E-19  2.75E-19
    26       4.09E-13  2.87E-13  1.77E-13  1.20E-13  7.92E-14  4.17E-14  2.32E-14  1.17E-14  4.02E-15  1.63E-15
             6.25E-16  1.67E-16  6.00E-17  2.14E-17  5.45E-18  1.93E-18  6.83E-19  1.73E-19  6.12E-20
    27       1.66E-12  1.17E-12  7.35E-13  5.15E-13  3.58E-13  2.16E-13  1.42E-13  8.82E-14  4.18E-14  2.13E-14
             9.82E-15  3.11E-15  1.21E-15  4.54E-16  1.19E-16  4.28E-17  1.52E-17  3.87E-18  1.37E-18
    28       1.35E-13  9.51E-14  6.01E-14  4.25E-14  3.00E-14  1.89E-14  1.33E-14  9.31E-15  5.73E-15  3.92E-15
             2.63E-15  1.49E-15  9.30E-16  5.50E-16  2.49E-16  1.27E-16  6.05E-17  2.07E-17  8.68E-18
    29       5.24E-13  3.70E-13  2.34E-13  1.65E-13  1.16E-13  7.24E-14  5.01E-14  3.42E-14  1.98E-14  1.24E-14
             7.40E-15  3.34E-15  1.68E-15  7.80E-16  2.56E-16  1.03E-16  3.99E-17  1.08E-17  3.94E-18
    30       1.37E-12  9.62E-13  6.03E-13  4.20E-13  2.88E-13  1.67E-13  1.05E-13  6.07E-14  2.55E-14  1.18E-14
             4.97E-15  1.44E-15  5.37E-16  1.95E-16  5.03E-17  1.79E-17  6.34E-18  1.61E-18  5.69E-19
    31       8.97E-13  6.34E-13  4.00E-13  2.81E-13  1.97E-13  1.21E-13  8.23E-14  5.40E-14  2.85E-14  1.62E-14
             8.37E-15  3.06E-15  1.30E-15  5.19E-16  1.44E-16  5.29E-17  1.91E-17  4.90E-18  1.74E-18
    32       1.16E-12  8.18E-13  5.09E-13  3.51E-13  2.36E-13  1.31E-13  7.77E-14  4.19E-14  1.58E-14  6.76E-15
             2.69E-15  7.40E-16  2.70E-16  9.69E-17  2.48E-17  8.78E-18  3.11E-18  7.87E-19  2.78E-19
    33       6.81E-13  4.78E-13  2.95E-13  2.01E-13  1.32E-13  6.94E-14  3.87E-14  1.95E-14  6.70E-15  2.72E-15
             1.04E-15  2.77E-16  9.99E-17  3.57E-17  9.08E-18  3.22E-18  1.14E-18  2.88E-19  1.02E-19
    34       2.06E-13  1.44E-13  8.80E-14  5.89E-14  3.77E-14  1.87E-14  9.81E-15  4.63E-15  1.49E-15  5.79E-16
             2.16E-16  5.67E-17  2.03E-17  7.22E-18  1.83E-18  6.49E-19  2.30E-19  5.81E-20  2.05E-20
    35       1.23E-12  8.68E-13  5.46E-13  3.83E-13  2.66E-13  1.60E-13  1.05E-13  6.51E-14  3.08E-14  1.56E-14
             7.21E-15  2.28E-15  8.89E-16  3.32E-16  8.73E-17  3.13E-17  1.11E-17  2.83E-18  1.00E-18


 -----------------------------------------
 PRTF= 1  TRMPRT= (1S)  SPNPRT= 1  NSYS= 1
                                                                                              -----------------
                                                                                              SYS= 1  SPNSYS= 2
   IREP
   ----
     2       2.50E-11  1.77E-11  1.12E-11  7.90E-12  5.58E-12  3.51E-12  2.46E-12  1.71E-12  1.04E-12  6.89E-13
             4.40E-13  2.26E-13  1.28E-13  6.85E-14  2.76E-14  1.30E-14  5.86E-15  1.90E-15  7.72E-16
     3       1.62E-11  1.14E-11  7.22E-12  5.10E-12  3.59E-12  2.24E-12  1.55E-12  1.06E-12  6.10E-13  3.82E-13
             2.28E-13  1.05E-13  5.48E-14  2.73E-14  1.02E-14  4.59E-15  1.99E-15  6.26E-16  2.50E-16
     4       1.22E-11  8.59E-12  5.42E-12  3.82E-12  2.68E-12  1.65E-12  1.13E-12  7.50E-13  4.10E-13  2.45E-13
             1.37E-13  5.87E-14  2.91E-14  1.39E-14  4.93E-15  2.17E-15  9.22E-16  2.84E-16  1.12E-16
     5       9.79E-12  6.91E-12  4.35E-12  3.06E-12  2.13E-12  1.30E-12  8.74E-13  5.65E-13  2.95E-13  1.68E-13
             9.03E-14  3.65E-14  1.75E-14  8.08E-15  2.78E-15  1.20E-15  5.05E-16  1.53E-16  6.04E-17
     6       8.20E-12  5.79E-12  3.64E-12  2.55E-12  1.77E-12  1.06E-12  7.01E-13  4.42E-13  2.20E-13  1.21E-13
             6.29E-14  2.44E-14  1.14E-14  5.15E-15  1.74E-15  7.40E-16  3.08E-16  9.27E-17  3.63E-17
     7       7.06E-12  4.98E-12  3.12E-12  2.18E-12  1.50E-12  8.92E-13  5.76E-13  3.54E-13  1.70E-13  9.08E-14
             4.58E-14  1.72E-14  7.88E-15  3.50E-15  1.16E-15  4.90E-16  2.02E-16  6.05E-17  2.36E-17
     8       6.20E-12  4.37E-12  2.73E-12  1.90E-12  1.30E-12  7.59E-13  4.82E-13  2.89E-13  1.34E-13  7.00E-14
             3.45E-14  1.26E-14  5.69E-15  2.50E-15  8.16E-16  3.42E-16  1.40E-16  4.17E-17  1.62E-17
     9       5.53E-12  3.89E-12  2.43E-12  1.68E-12  1.14E-12  6.56E-13  4.09E-13  2.40E-13  1.08E-13  5.52E-14
             2.67E-14  9.58E-15  4.26E-15  1.85E-15  5.98E-16  2.49E-16  1.02E-16  3.01E-17  1.17E-17
    10       4.98E-12  3.50E-12  2.18E-12  1.50E-12  1.01E-12  5.72E-13  3.51E-13  2.02E-13  8.87E-14  4.44E-14
             2.11E-14  7.45E-15  3.28E-15  1.41E-15  4.52E-16  1.87E-16  7.61E-17  2.24E-17  8.69E-18
    11       4.54E-12  3.19E-12  1.98E-12  1.36E-12  9.08E-13  5.04E-13  3.04E-13  1.72E-13  7.36E-14  3.63E-14
             1.70E-14  5.92E-15  2.58E-15  1.10E-15  3.50E-16  1.44E-16  5.85E-17  1.72E-17  6.64E-18
    12       4.16E-12  2.92E-12  1.81E-12  1.23E-12  8.18E-13  4.47E-13  2.65E-13  1.48E-13  6.19E-14  3.01E-14
             1.39E-14  4.79E-15  2.07E-15  8.79E-16  2.77E-16  1.14E-16  4.59E-17  1.34E-17  5.18E-18
    13       3.85E-12  2.69E-12  1.66E-12  1.13E-12  7.42E-13  3.99E-13  2.33E-13  1.28E-13  5.26E-14  2.52E-14
             1.16E-14  3.93E-15  1.69E-15  7.13E-16  2.24E-16  9.15E-17  3.68E-17  1.07E-17  4.13E-18
    14       3.57E-12  2.50E-12  1.53E-12  1.03E-12  6.76E-13  3.58E-13  2.06E-13  1.12E-13  4.51E-14  2.14E-14
             9.73E-15  3.27E-15  1.40E-15  5.87E-16  1.83E-16  7.47E-17  3.00E-17  8.72E-18  3.35E-18
    15       3.35E-12  2.34E-12  1.43E-12  9.58E-13  6.20E-13  3.23E-13  1.84E-13  9.81E-14  3.90E-14  1.83E-14
             8.26E-15  2.75E-15  1.17E-15  4.89E-16  1.52E-16  6.16E-17  2.46E-17  7.13E-18  2.74E-18
    16       3.14E-12  2.19E-12  1.33E-12  8.88E-13  5.71E-13  2.93E-13  1.64E-13  8.66E-14  3.40E-14  1.58E-14
             7.07E-15  2.34E-15  9.88E-16  4.12E-16  1.27E-16  5.15E-17  2.06E-17  5.95E-18  2.28E-18
    17       2.78E-12  1.93E-12  1.16E-12  7.68E-13  4.85E-13  2.42E-13  1.33E-13  6.85E-14  2.62E-14  1.20E-14
             5.31E-15  1.73E-15  7.27E-16  3.01E-16  9.23E-17  3.72E-17  1.48E-17  4.27E-18  1.63E-18
    18       2.50E-12  1.73E-12  1.03E-12  6.73E-13  4.18E-13  2.04E-13  1.10E-13  5.55E-14  2.08E-14  9.39E-15
             4.11E-15  1.32E-15  5.52E-16  2.27E-16  6.93E-17  2.79E-17  1.10E-17  3.17E-18  1.21E-18
    19       2.27E-12  1.56E-12  9.24E-13  5.95E-13  3.64E-13  1.73E-13  9.14E-14  4.55E-14  1.67E-14  7.49E-15
             3.25E-15  1.04E-15  4.30E-16  1.76E-16  5.34E-17  2.14E-17  8.47E-18  2.43E-18  9.27E-19
    20       1.98E-12  1.36E-12  7.89E-13  4.99E-13  2.99E-13  1.38E-13  7.12E-14  3.47E-14  1.25E-14  5.51E-15
             2.36E-15  7.46E-16  3.07E-16  1.25E-16  3.77E-17  1.50E-17  5.93E-18  1.69E-18  6.45E-19
    21       1.69E-12  1.15E-12  6.53E-13  4.04E-13  2.36E-13  1.05E-13  5.27E-14  2.51E-14  8.82E-15  3.83E-15
             1.62E-15  5.07E-16  2.07E-16  8.38E-17  2.51E-17  9.96E-18  3.91E-18  1.11E-18  4.24E-19
    22       1.38E-12  9.20E-13  5.08E-13  3.04E-13  1.71E-13  7.26E-14  3.55E-14  1.65E-14  5.62E-15  2.40E-15
             1.00E-15  3.09E-16  1.25E-16  5.03E-17  1.49E-17  5.90E-18  2.31E-18  6.55E-19  2.48E-19
    23       1.22E-12  8.06E-13  4.36E-13  2.56E-13  1.41E-13  5.84E-14  2.80E-14  1.28E-14  4.32E-15  1.83E-15
             7.60E-16  2.32E-16  9.35E-17  3.74E-17  1.11E-17  4.36E-18  1.70E-18  4.82E-19  1.82E-19
    24       1.03E-12  6.72E-13  3.53E-13  2.02E-13  1.09E-13  4.34E-14  2.04E-14  9.19E-15  3.04E-15  1.27E-15
             5.24E-16  1.59E-16  6.35E-17  2.53E-17  7.44E-18  2.92E-18  1.14E-18  3.21E-19  1.21E-19
    25       9.33E-13  6.01E-13  3.10E-13  1.75E-13  9.23E-14  3.62E-14  1.68E-14  7.51E-15  2.45E-15  1.02E-15
             4.19E-16  1.26E-16  5.04E-17  2.00E-17  5.87E-18  2.30E-18  8.95E-19  2.52E-19  9.52E-20
    26       8.10E-13  5.13E-13  2.58E-13  1.42E-13  7.35E-14  2.82E-14  1.29E-14  5.68E-15  1.84E-15  7.60E-16
             3.09E-16  9.26E-17  3.68E-17  1.46E-17  4.26E-18  1.66E-18  6.46E-19  1.82E-19  6.84E-20
    27       7.10E-13  4.43E-13  2.17E-13  1.17E-13  5.97E-14  2.24E-14  1.01E-14  4.42E-15  1.41E-15  5.81E-16
             2.35E-16  7.00E-17  2.78E-17  1.10E-17  3.19E-18  1.24E-18  4.82E-19  1.35E-19  5.09E-20
    28       5.93E-13  3.62E-13  1.72E-13  9.05E-14  4.49E-14  1.64E-14  7.31E-15  3.15E-15  9.93E-16  4.05E-16
             1.63E-16  4.82E-17  1.90E-17  7.49E-18  2.17E-18  8.45E-19  3.26E-19  9.13E-20  3.43E-20
    29       4.85E-13  2.89E-13  1.32E-13  6.78E-14  3.29E-14  1.17E-14  5.14E-15  2.18E-15  6.81E-16  2.76E-16
             1.10E-16  3.24E-17  1.27E-17  5.00E-18  1.44E-18  5.60E-19  2.16E-19  6.03E-20  2.27E-20
    30       3.57E-13  2.05E-13  8.87E-14  4.39E-14  2.06E-14  7.12E-15  3.06E-15  1.28E-15  3.93E-16  1.58E-16
             6.26E-17  1.82E-17  7.13E-18  2.78E-18  7.98E-19  3.09E-19  1.19E-19  3.30E-20  1.24E-20
    31       2.87E-13  1.60E-13  6.72E-14  3.26E-14  1.50E-14  5.08E-15  2.16E-15  8.95E-16  2.72E-16  1.09E-16
             4.29E-17  1.24E-17  4.84E-18  1.88E-18  5.38E-19  2.08E-19  7.97E-20  2.21E-20  8.29E-21
    32       2.08E-13  1.12E-13  4.48E-14  2.11E-14  9.49E-15  3.13E-15  1.31E-15  5.38E-16  1.61E-16  6.39E-17
             2.51E-17  7.22E-18  2.80E-18  1.09E-18  3.09E-19  1.19E-19  4.55E-20  1.26E-20  4.70E-21
    33       1.62E-13  8.46E-14  3.28E-14  1.51E-14  6.70E-15  2.18E-15  9.02E-16  3.67E-16  1.09E-16  4.31E-17
             1.68E-17  4.82E-18  1.87E-18  7.21E-19  2.05E-19  7.86E-20  3.00E-20  8.29E-21  3.09E-21
    34       1.10E-13  5.53E-14  2.06E-14  9.26E-15  4.02E-15  1.28E-15  5.22E-16  2.10E-16  6.19E-17  2.43E-17
             9.44E-18  2.69E-18  1.04E-18  3.99E-19  1.13E-19  4.31E-20  1.64E-20  4.54E-21  1.69E-21
    35       8.04E-14  3.95E-14  1.43E-14  6.30E-15  2.69E-15  8.43E-16  3.42E-16  1.37E-16  4.00E-17  1.56E-17
             6.05E-18  1.72E-18  6.59E-19  2.53E-19  7.13E-20  2.72E-20  1.04E-20  2.85E-21  1.06E-21
    36       4.89E-14  2.32E-14  8.04E-15  3.47E-15  1.45E-15  4.47E-16  1.79E-16  7.11E-17  2.06E-17  7.98E-18
             3.08E-18  8.67E-19  3.32E-19  1.27E-19  3.56E-20  1.36E-20  5.15E-21  1.41E-21  5.25E-22
    37       3.46E-14  1.60E-14  5.43E-15  2.31E-15  9.59E-16  2.91E-16  1.16E-16  4.58E-17  1.32E-17  5.09E-18
             1.96E-18  5.49E-19  2.10E-19  8.01E-20  2.24E-20  8.52E-21  3.23E-21  8.83E-22  3.27E-22
    38       2.03E-14  9.09E-15  2.99E-15  1.25E-15  5.11E-16  1.53E-16  6.04E-17  2.36E-17  6.75E-18  2.60E-18
             9.93E-19  2.78E-19  1.06E-19  4.02E-20  1.12E-20  4.25E-21  1.61E-21  4.40E-22  1.63E-22
    39       1.36E-14  6.00E-15  1.94E-15  8.01E-16  3.25E-16  9.62E-17  3.78E-17  1.47E-17  4.18E-18  1.60E-18
             6.12E-19  1.70E-19  6.47E-20  2.46E-20  6.83E-21  2.59E-21  9.78E-22  2.67E-22  9.88E-23
    40       7.18E-15  3.09E-15  9.72E-16  3.96E-16  1.59E-16  4.64E-17  1.81E-17  7.01E-18  1.98E-18  7.55E-19
             2.87E-19  7.96E-20  3.01E-20  1.14E-20  3.16E-21  1.20E-21  4.50E-22  1.22E-22  4.52E-23
    41       4.99E-15  2.12E-15  6.60E-16  2.67E-16  1.07E-16  3.10E-17  1.21E-17  4.65E-18  1.31E-18  4.98E-19
             1.89E-19  5.23E-20  1.98E-20  7.48E-21  2.07E-21  7.82E-22  2.94E-22  7.98E-23  2.94E-23
    42       2.92E-15  1.23E-15  3.77E-16  1.52E-16  6.00E-17  1.74E-17  6.72E-18  2.59E-18  7.25E-19  2.75E-19
             1.04E-19  2.88E-20  1.09E-20  4.10E-21  1.13E-21  4.27E-22  1.60E-22  4.36E-23  1.61E-23



    T(K)     ALFT( 1)  ALFT( 2)  ALFT( 3)  ALFT( 4)  ALFT( 5)  ALFT( 6)  ALFT( 7)  ALFT( 8)  ALFT( 9)  ALFT(10)
    ----     --------  --------  --------  --------  --------  --------  --------  --------  --------  --------
  6.40E+02   2.41E-10
  1.28E+03   1.60E-10
  3.20E+03   9.10E-11
  6.40E+03   5.94E-11
  1.28E+04   3.71E-11
  3.20E+04   1.99E-11
  6.40E+04   1.23E-11
  1.28E+05   7.46E-12
  3.20E+05   3.76E-12
  6.40E+05   2.18E-12
  1.28E+06   1.22E-12
  3.20E+06   5.41E-13
  6.40E+06   2.80E-13
  1.28E+07   1.40E-13
  3.20E+07   5.26E-14
  6.40E+07   2.40E-14
  1.28E+08   1.05E-14
  3.20E+08   3.32E-15
  6.40E+08   1.33E-15
C--------------------------------------------------------------------------------------------------------------
C
C See N. R. Badnell, ApJS, vol 167 (2006) p334
C DOI: 10.1086/508465
C
C NAME: N R Badnell
C DATE: Jan 2006
C
C--------------------------------------------------------------------------------------------------------------

C-----------------------------------------------------------------------
C                               OPEN-ADAS
C                               +++++++++
C
C This file has been downloaded from OPEN-ADAS (http://open.adas.ac.uk)
C on 25-Aug-2022.
C
C TERMS AND CONDITIONS
C --------------------
C
C The user of the OPEN-ADAS system and data (hereinafter "the User")
C accepts the following terms and conditions:
C
C   1. The University of Strathclyde uses all reasonable endeavours to
C      ensure the accuracy of the data provided and any information
C      given, but the University makes no warranty, expressed or implied
C      as to its accuracy, integrity, fitness for purpose and shall not
C      be responsible for the use to which the data is put by the User
C      and/or any consequences arising out of any inaccuracies or
C      omissions.
C
C   2. Any downloaded OPEN-ADAS file is made available for the
C      personal use of the User only.  It must not be used for any
C      commercial application, incorporated into any web site or in
C      any form re-distributed without express prior written permission
C      from the ADAS Project. In particular, but not by way of
C      limitation, it must not be:
C        *  inserted into a managed database structure,
C        *  redistributed along with a modelling or analysis code,
C        *  made available on a public website.
C
C Permission for OPEN-ADAS data incorporation in non-commercial
C code/system development for scientific advance will not be
C unreasonably withheld, but will be subject to written agreement
C on a case by case basis.
C
C The User will indemnify the University of Strathclyde and keep it
C fully and effectively indemnified against each and every claim made
C against the University as a result of the User's use of the data.
C
C-----------------------------------------------------------------------
