SEQ='H '     NUCCHG=10                                                  /LS/

   PARENT TERM INDEXING                 BWNP=         0.0   NPRNTI= 1   NPRNTF= 1
   --------------------
   INDP         CODE                 S L   WI        WNP
   ----         ----                 - -   --  ----------
     1                              (1)0( 0.0)        0.0 

   LS RESOLVED TERM INDEXING            BWNR=  10973740.0   NTRM=  36
   -------------------------
   INDX  INDP   CODE                 S L   WJ        WNR
   ----  ----   ----                 - -   --  ----------
     1     1    1S1                 (2)0( 0.5)        0.0 
     2     1    2S1                 (2)0( 0.5)  8230305.0 
     3     1    2P1                 (2)1( 2.5)  8230305.0 
     4     1    3S1                 (2)0( 0.5)  9754435.6 
     5     1    3P1                 (2)1( 2.5)  9754435.6 
     6     1    3D1                 (2)2( 4.5)  9754435.6 
     7     1    4S1                 (2)0( 0.5) 10287881.3 
     8     1    4P1                 (2)1( 2.5) 10287881.3 
     9     1    4D1                 (2)2( 4.5) 10287881.3 
    10     1    4F1                 (2)3( 6.5) 10287881.3 
    11     1    5S1                 (2)0( 0.5) 10534790.4 
    12     1    5P1                 (2)1( 2.5) 10534790.4 
    13     1    5D1                 (2)2( 4.5) 10534790.4 
    14     1    5F1                 (2)3( 6.5) 10534790.4 
    15     1    5G1                 (2)4( 8.5) 10534790.4 
    16     1    6S1                 (2)0( 0.5) 10668913.9 
    17     1    6P1                 (2)1( 2.5) 10668913.9 
    18     1    6D1                 (2)2( 4.5) 10668913.9 
    19     1    6F1                 (2)3( 6.5) 10668913.9 
    20     1    6G1                 (2)4( 8.5) 10668913.9 
    21     1    6H1                 (2)5(10.5) 10668913.9 
    22     1    7S1                 (2)0( 0.5) 10749786.1 
    23     1    7P1                 (2)1( 2.5) 10749786.1 
    24     1    7D1                 (2)2( 4.5) 10749786.1 
    25     1    7F1                 (2)3( 6.5) 10749786.1 
    26     1    7G1                 (2)4( 8.5) 10749786.1 
    27     1    7H1                 (2)5(10.5) 10749786.1 
    28     1    7I1                 (2)6(12.5) 10749786.1 
    29     1    8S1                 (2)0( 0.5) 10802275.3 
    30     1    8P1                 (2)1( 2.5) 10802275.3 
    31     1    8D1                 (2)2( 4.5) 10802275.3 
    32     1    8F1                 (2)3( 6.5) 10802275.3 
    33     1    8G1                 (2)4( 8.5) 10802275.3 
    34     1    8H1                 (2)5(10.5) 10802275.3 
    35     1    8I1                 (2)6(12.5) 10802275.3 
    36     1    8J1                 (2)7(14.5) 10802275.3 

   N-SHELL INDEXING                                     NREP= 42
   ----------------
   IREP    N
   -----   -
     1     1
     2     2
     3     3
     4     4
     5     5
     6     6
     7     7
     8     8
     9     9
    10    10
    11    11
    12    12
    13    13
    14    14
    15    15
    16    16
    17    18
    18    20
    19    22
    20    25
    21    29
    22    35
    23    39
    24    45
    25    49
    26    55
    27    61
    28    70
    29    81
    30   100
    31   115
    32   140
    33   162
    34   200
    35   235
    36   300
    37   353
    38   450
    39   535
    40   700
    41   811
    42   999



 --------------------------------
 PRTI= 1  TRMPRT= (1S)  SPNPRT= 1

   INDX TE=  1.00E+03  2.00E+03  5.00E+03  1.00E+04  2.00E+04  5.00E+04  1.00E+05  2.00E+05  5.00E+05  1.00E+06
   ---- ---  2.00E+06  5.00E+06  1.00E+07  2.00E+07  5.00E+07  1.00E+08  2.00E+08  5.00E+08  1.00E+09
     1       5.21E-11  3.68E-11  2.33E-11  1.65E-11  1.16E-11  7.35E-12  5.18E-12  3.65E-12  2.28E-12  1.58E-12
             1.08E-12  6.21E-13  3.88E-13  2.28E-13  1.01E-13  5.05E-14  2.36E-14  7.90E-15  3.27E-15
     2       7.63E-12  5.39E-12  3.41E-12  2.41E-12  1.71E-12  1.08E-12  7.61E-13  5.37E-13  3.37E-13  2.34E-13
             1.60E-13  9.17E-14  5.66E-14  3.28E-14  1.42E-14  6.98E-15  3.22E-15  1.06E-15  4.36E-16
     3       2.10E-11  1.48E-11  9.37E-12  6.62E-12  4.67E-12  2.93E-12  2.04E-12  1.41E-12  8.33E-13  5.35E-13
             3.24E-13  1.49E-13  7.48E-14  3.46E-14  1.12E-14  4.46E-15  1.70E-15  4.58E-16  1.66E-16
     4       2.57E-12  1.82E-12  1.15E-12  8.12E-13  5.74E-13  3.63E-13  2.56E-13  1.81E-13  1.13E-13  7.82E-14
             5.29E-14  2.98E-14  1.81E-14  1.03E-14  4.42E-15  2.15E-15  9.84E-16  3.23E-16  1.32E-16
     5       7.96E-12  5.63E-12  3.56E-12  2.51E-12  1.77E-12  1.11E-12  7.77E-13  5.36E-13  3.17E-13  2.04E-13
             1.23E-13  5.61E-14  2.81E-14  1.29E-14  4.16E-15  1.65E-15  6.29E-16  1.69E-16  6.11E-17
     6       9.21E-12  6.51E-12  4.11E-12  2.89E-12  2.03E-12  1.25E-12  8.54E-13  5.65E-13  3.03E-13  1.73E-13
             9.08E-14  3.35E-14  1.43E-14  5.74E-15  1.59E-15  5.85E-16  2.11E-16  5.41E-17  1.92E-17
     7       1.20E-12  8.51E-13  5.38E-13  3.80E-13  2.69E-13  1.70E-13  1.20E-13  8.42E-14  5.23E-14  3.59E-14
             2.40E-14  1.33E-14  7.98E-15  4.51E-15  1.91E-15  9.25E-16  4.22E-16  1.38E-16  5.64E-17
     8       3.81E-12  2.70E-12  1.70E-12  1.20E-12  8.49E-13  5.33E-13  3.72E-13  2.56E-13  1.51E-13  9.66E-14
             5.80E-14  2.62E-14  1.30E-14  5.97E-15  1.91E-15  7.58E-16  2.88E-16  7.72E-17  2.79E-17
     9       5.76E-12  4.07E-12  2.57E-12  1.81E-12  1.27E-12  7.85E-13  5.35E-13  3.54E-13  1.89E-13  1.08E-13
             5.67E-14  2.09E-14  8.90E-15  3.56E-15  9.87E-16  3.62E-16  1.31E-16  3.35E-17  1.19E-17
    10       4.30E-12  3.04E-12  1.91E-12  1.34E-12  9.30E-13  5.60E-13  3.68E-13  2.29E-13  1.09E-13  5.54E-14
             2.56E-14  8.14E-15  3.18E-15  1.19E-15  3.13E-16  1.12E-16  3.99E-17  1.01E-17  3.59E-18
    11       6.74E-13  4.76E-13  3.01E-13  2.13E-13  1.50E-13  9.49E-14  6.67E-14  4.67E-14  2.87E-14  1.95E-14
             1.29E-14  7.04E-15  4.20E-15  2.36E-15  9.93E-16  4.79E-16  2.18E-16  7.12E-17  2.91E-17
    12       2.14E-12  1.51E-12  9.56E-13  6.75E-13  4.76E-13  2.98E-13  2.08E-13  1.43E-13  8.38E-14  5.32E-14
             3.17E-14  1.42E-14  7.04E-15  3.21E-15  1.02E-15  4.05E-16  1.54E-16  4.12E-17  1.49E-17
    13       3.53E-12  2.49E-12  1.57E-12  1.11E-12  7.77E-13  4.80E-13  3.27E-13  2.16E-13  1.15E-13  6.59E-14
             3.44E-14  1.26E-14  5.37E-15  2.14E-15  5.93E-16  2.18E-16  7.84E-17  2.01E-17  7.14E-18
    14       3.78E-12  2.67E-12  1.68E-12  1.18E-12  8.19E-13  4.93E-13  3.24E-13  2.01E-13  9.56E-14  4.87E-14
             2.25E-14  7.14E-15  2.79E-15  1.04E-15  2.74E-16  9.82E-17  3.50E-17  8.88E-18  3.15E-18
    15       2.08E-12  1.46E-12  9.16E-13  6.37E-13  4.37E-13  2.54E-13  1.58E-13  9.19E-14  3.86E-14  1.78E-14
             7.54E-15  2.18E-15  8.14E-16  2.96E-16  7.63E-17  2.71E-17  9.63E-18  2.44E-18  8.63E-19
    16       4.22E-13  2.98E-13  1.88E-13  1.33E-13  9.40E-14  5.91E-14  4.15E-14  2.89E-14  1.76E-14  1.18E-14
             7.74E-15  4.18E-15  2.48E-15  1.38E-15  5.80E-16  2.79E-16  1.27E-16  4.14E-17  1.69E-17
    17       1.34E-12  9.44E-13  5.96E-13  4.21E-13  2.97E-13  1.86E-13  1.29E-13  8.84E-14  5.14E-14  3.24E-14
             1.92E-14  8.55E-15  4.21E-15  1.92E-15  6.10E-16  2.41E-16  9.15E-17  2.45E-17  8.85E-18
    18       2.28E-12  1.61E-12  1.02E-12  7.16E-13  5.02E-13  3.10E-13  2.11E-13  1.39E-13  7.40E-14  4.21E-14
             2.19E-14  7.99E-15  3.39E-15  1.35E-15  3.75E-16  1.37E-16  4.95E-17  1.27E-17  4.50E-18
    19       2.82E-12  1.99E-12  1.25E-12  8.78E-13  6.10E-13  3.67E-13  2.41E-13  1.50E-13  7.10E-14  3.61E-14
             1.67E-14  5.29E-15  2.06E-15  7.71E-16  2.03E-16  7.26E-17  2.58E-17  6.56E-18  2.32E-18
    20       2.37E-12  1.67E-12  1.04E-12  7.26E-13  4.98E-13  2.89E-13  1.81E-13  1.05E-13  4.40E-14  2.03E-14
             8.58E-15  2.48E-15  9.26E-16  3.37E-16  8.68E-17  3.09E-17  1.09E-17  2.77E-18  9.82E-19
    21       1.02E-12  7.19E-13  4.47E-13  3.08E-13  2.07E-13  1.15E-13  6.78E-14  3.65E-14  1.38E-14  5.89E-15
             2.34E-15  6.44E-16  2.35E-16  8.43E-17  2.15E-17  7.64E-18  2.71E-18  6.85E-19  2.42E-19
    22       2.84E-13  2.01E-13  1.27E-13  8.97E-14  6.33E-14  3.97E-14  2.77E-14  1.92E-14  1.16E-14  7.71E-15
             5.01E-15  2.68E-15  1.58E-15  8.79E-16  3.68E-16  1.77E-16  8.03E-17  2.62E-17  1.07E-17
    23       8.97E-13  6.34E-13  4.01E-13  2.83E-13  1.99E-13  1.24E-13  8.61E-14  5.87E-14  3.39E-14  2.12E-14
             1.25E-14  5.53E-15  2.71E-15  1.23E-15  3.91E-16  1.54E-16  5.86E-17  1.57E-17  5.66E-18
    24       1.56E-12  1.10E-12  6.94E-13  4.89E-13  3.43E-13  2.11E-13  1.43E-13  9.43E-14  4.99E-14  2.82E-14
             1.46E-14  5.33E-15  2.26E-15  9.00E-16  2.49E-16  9.12E-17  3.29E-17  8.42E-18  2.99E-18
    25       2.07E-12  1.46E-12  9.18E-13  6.43E-13  4.47E-13  2.69E-13  1.76E-13  1.09E-13  5.17E-14  2.63E-14
             1.21E-14  3.83E-15  1.49E-15  5.58E-16  1.47E-16  5.25E-17  1.87E-17  4.75E-18  1.68E-18
    26       2.08E-12  1.47E-12  9.18E-13  6.39E-13  4.38E-13  2.54E-13  1.59E-13  9.20E-14  3.86E-14  1.78E-14
             7.52E-15  2.18E-15  8.11E-16  2.95E-16  7.60E-17  2.70E-17  9.59E-18  2.43E-18  8.60E-19
    27       1.43E-12  1.01E-12  6.27E-13  4.32E-13  2.90E-13  1.61E-13  9.51E-14  5.12E-14  1.93E-14  8.25E-15
             3.28E-15  9.02E-16  3.29E-16  1.18E-16  3.02E-17  1.07E-17  3.79E-18  9.59E-19  3.39E-19
    28       5.11E-13  3.58E-13  2.21E-13  1.50E-13  9.86E-14  5.17E-14  2.88E-14  1.45E-14  4.97E-15  2.02E-15
             7.71E-16  2.06E-16  7.41E-17  2.64E-17  6.73E-18  2.38E-18  8.44E-19  2.14E-19  7.55E-20
    29       2.03E-13  1.43E-13  9.05E-14  6.39E-14  4.50E-14  2.81E-14  1.96E-14  1.35E-14  8.03E-15  5.31E-15
             3.43E-15  1.82E-15  1.07E-15  5.93E-16  2.48E-16  1.19E-16  5.39E-17  1.76E-17  7.16E-18
    30       6.37E-13  4.50E-13  2.84E-13  2.00E-13  1.41E-13  8.78E-14  6.06E-14  4.11E-14  2.35E-14  1.46E-14
             8.58E-15  3.77E-15  1.85E-15  8.37E-16  2.65E-16  1.05E-16  3.98E-17  1.06E-17  3.84E-18
    31       1.11E-12  7.87E-13  4.96E-13  3.49E-13  2.44E-13  1.50E-13  1.02E-13  6.67E-14  3.51E-14  1.98E-14
             1.02E-14  3.72E-15  1.57E-15  6.26E-16  1.73E-16  6.34E-17  2.28E-17  5.85E-18  2.08E-18
    32       1.54E-12  1.08E-12  6.82E-13  4.78E-13  3.32E-13  1.99E-13  1.31E-13  8.09E-14  3.81E-14  1.93E-14
             8.89E-15  2.81E-15  1.09E-15  4.09E-16  1.07E-16  3.84E-17  1.37E-17  3.48E-18  1.23E-18
    33       1.71E-12  1.20E-12  7.53E-13  5.24E-13  3.59E-13  2.08E-13  1.30E-13  7.52E-14  3.15E-14  1.45E-14
             6.13E-15  1.77E-15  6.61E-16  2.40E-16  6.19E-17  2.20E-17  7.81E-18  1.98E-18  7.00E-19
    34       1.45E-12  1.02E-12  6.36E-13  4.38E-13  2.95E-13  1.63E-13  9.64E-14  5.19E-14  1.95E-14  8.35E-15
             3.32E-15  9.13E-16  3.33E-16  1.19E-16  3.05E-17  1.08E-17  3.83E-18  9.71E-19  3.43E-19
    35       8.51E-13  5.97E-13  3.68E-13  2.50E-13  1.64E-13  8.62E-14  4.80E-14  2.41E-14  8.29E-15  3.36E-15
             1.28E-15  3.43E-16  1.23E-16  4.40E-17  1.12E-17  3.97E-18  1.41E-18  3.56E-19  1.26E-19
    36       2.58E-13  1.80E-13  1.10E-13  7.33E-14  4.68E-14  2.32E-14  1.22E-14  5.74E-15  1.84E-15  7.16E-16
             2.68E-16  7.01E-17  2.51E-17  8.92E-18  2.27E-18  8.02E-19  2.84E-19  7.18E-20  2.54E-20


 -----------------------------------------
 PRTF= 1  TRMPRT= (1S)  SPNPRT= 1  NSYS= 1
                                                                                              -----------------
                                                                                              SYS= 1  SPNSYS= 2
   IREP
   ----
     1       5.21E-11  3.68E-11  2.33E-11  1.65E-11  1.16E-11  7.35E-12  5.18E-12  3.65E-12  2.28E-12  1.58E-12
             1.08E-12  6.21E-13  3.88E-13  2.28E-13  1.01E-13  5.05E-14  2.36E-14  7.90E-15  3.27E-15
     2       2.86E-11  2.02E-11  1.28E-11  9.03E-12  6.37E-12  4.01E-12  2.80E-12  1.95E-12  1.17E-12  7.69E-13
             4.84E-13  2.40E-13  1.31E-13  6.74E-14  2.54E-14  1.14E-14  4.92E-15  1.52E-15  6.02E-16
     3       1.97E-11  1.40E-11  8.81E-12  6.22E-12  4.38E-12  2.73E-12  1.89E-12  1.28E-12  7.33E-13  4.55E-13
             2.67E-13  1.19E-13  6.05E-14  2.90E-14  1.02E-14  4.39E-15  1.82E-15  5.46E-16  2.13E-16
     4       1.51E-11  1.07E-11  6.72E-12  4.73E-12  3.32E-12  2.05E-12  1.39E-12  9.23E-13  5.01E-13  2.96E-13
             1.64E-13  6.85E-14  3.31E-14  1.52E-14  5.12E-15  2.16E-15  8.81E-16  2.59E-16  9.99E-17
     5       1.22E-11  8.62E-12  5.43E-12  3.81E-12  2.66E-12  1.62E-12  1.08E-12  6.99E-13  3.62E-13  2.05E-13
             1.09E-13  4.32E-14  2.02E-14  9.05E-15  2.96E-15  1.23E-15  4.95E-16  1.44E-16  5.52E-17
     6       1.02E-11  7.23E-12  4.55E-12  3.18E-12  2.21E-12  1.33E-12  8.71E-13  5.48E-13  2.72E-13  1.49E-13
             7.64E-14  2.91E-14  1.33E-14  5.84E-15  1.88E-15  7.69E-16  3.08E-16  8.86E-17  3.38E-17
     7       8.83E-12  6.23E-12  3.91E-12  2.73E-12  1.88E-12  1.11E-12  7.16E-13  4.39E-13  2.10E-13  1.11E-13
             5.58E-14  2.06E-14  9.26E-15  4.01E-15  1.27E-15  5.15E-16  2.05E-16  5.86E-17  2.23E-17
     8       7.76E-12  5.47E-12  3.42E-12  2.38E-12  1.63E-12  9.46E-13  5.99E-13  3.59E-13  1.66E-13  8.60E-14
             4.21E-14  1.52E-14  6.72E-15  2.88E-15  8.99E-16  3.63E-16  1.44E-16  4.09E-17  1.55E-17
     9       6.92E-12  4.87E-12  3.04E-12  2.10E-12  1.43E-12  8.17E-13  5.08E-13  2.98E-13  1.34E-13  6.79E-14
             3.26E-14  1.16E-14  5.05E-15  2.14E-15  6.63E-16  2.66E-16  1.05E-16  2.97E-17  1.13E-17
    10       6.24E-12  4.38E-12  2.73E-12  1.88E-12  1.27E-12  7.13E-13  4.35E-13  2.51E-13  1.09E-13  5.46E-14
             2.58E-14  9.00E-15  3.90E-15  1.64E-15  5.03E-16  2.01E-16  7.90E-17  2.23E-17  8.43E-18
    11       5.68E-12  3.99E-12  2.47E-12  1.69E-12  1.13E-12  6.27E-13  3.77E-13  2.13E-13  9.10E-14  4.47E-14
             2.09E-14  7.17E-15  3.07E-15  1.28E-15  3.92E-16  1.56E-16  6.11E-17  1.72E-17  6.49E-18
    12       5.21E-12  3.65E-12  2.26E-12  1.54E-12  1.02E-12  5.56E-13  3.29E-13  1.83E-13  7.65E-14  3.70E-14
             1.71E-14  5.80E-15  2.47E-15  1.03E-15  3.12E-16  1.24E-16  4.83E-17  1.36E-17  5.11E-18
    13       4.81E-12  3.37E-12  2.07E-12  1.41E-12  9.24E-13  4.95E-13  2.89E-13  1.58E-13  6.50E-14  3.11E-14
             1.42E-14  4.77E-15  2.02E-15  8.35E-16  2.52E-16  9.98E-17  3.89E-17  1.09E-17  4.10E-18
    14       4.47E-12  3.12E-12  1.91E-12  1.29E-12  8.42E-13  4.44E-13  2.56E-13  1.38E-13  5.57E-14  2.64E-14
             1.19E-14  3.98E-15  1.67E-15  6.89E-16  2.07E-16  8.18E-17  3.18E-17  8.90E-18  3.34E-18
    15       4.17E-12  2.91E-12  1.78E-12  1.19E-12  7.70E-13  4.00E-13  2.27E-13  1.21E-13  4.82E-14  2.26E-14
             1.02E-14  3.35E-15  1.40E-15  5.76E-16  1.72E-16  6.79E-17  2.63E-17  7.36E-18  2.76E-18
    16       3.91E-12  2.72E-12  1.65E-12  1.10E-12  7.07E-13  3.62E-13  2.03E-13  1.07E-13  4.20E-14  1.95E-14
             8.71E-15  2.85E-15  1.19E-15  4.86E-16  1.45E-16  5.70E-17  2.21E-17  6.16E-18  2.31E-18
    17       3.47E-12  2.41E-12  1.45E-12  9.54E-13  6.02E-13  3.00E-13  1.65E-13  8.50E-14  3.25E-14  1.49E-14
             6.56E-15  2.12E-15  8.78E-16  3.57E-16  1.06E-16  4.14E-17  1.60E-17  4.45E-18  1.67E-18
    18       3.11E-12  2.15E-12  1.28E-12  8.35E-13  5.18E-13  2.52E-13  1.36E-13  6.87E-14  2.57E-14  1.16E-14
             5.07E-15  1.62E-15  6.68E-16  2.70E-16  7.96E-17  3.11E-17  1.20E-17  3.32E-18  1.24E-18
    19       2.82E-12  1.94E-12  1.15E-12  7.37E-13  4.50E-13  2.14E-13  1.13E-13  5.64E-14  2.07E-14  9.28E-15
             4.01E-15  1.27E-15  5.20E-16  2.09E-16  6.15E-17  2.40E-17  9.21E-18  2.55E-18  9.53E-19
    20       2.47E-12  1.69E-12  9.80E-13  6.19E-13  3.70E-13  1.70E-13  8.81E-14  4.30E-14  1.55E-14  6.82E-15
             2.92E-15  9.15E-16  3.72E-16  1.49E-16  4.35E-17  1.69E-17  6.47E-18  1.79E-18  6.67E-19
    21       2.11E-12  1.43E-12  8.11E-13  5.01E-13  2.92E-13  1.29E-13  6.52E-14  3.11E-14  1.09E-14  4.75E-15
             2.01E-15  6.22E-16  2.51E-16  1.00E-16  2.90E-17  1.12E-17  4.29E-18  1.18E-18  4.40E-19
    22       1.71E-12  1.14E-12  6.30E-13  3.77E-13  2.12E-13  8.99E-14  4.39E-14  2.04E-14  6.97E-15  2.98E-15
             1.24E-15  3.80E-16  1.52E-16  6.01E-17  1.73E-17  6.68E-18  2.55E-18  6.99E-19  2.60E-19
    23       1.52E-12  1.00E-12  5.41E-13  3.17E-13  1.75E-13  7.23E-14  3.47E-14  1.59E-14  5.35E-15  2.27E-15
             9.40E-16  2.85E-16  1.14E-16  4.48E-17  1.29E-17  4.95E-18  1.88E-18  5.16E-19  1.92E-19
    24       1.28E-12  8.35E-13  4.37E-13  2.50E-13  1.34E-13  5.37E-14  2.53E-14  1.14E-14  3.76E-15  1.58E-15
             6.48E-16  1.95E-16  7.74E-17  3.04E-17  8.68E-18  3.33E-18  1.26E-18  3.45E-19  1.28E-19
    25       1.16E-12  7.46E-13  3.84E-13  2.16E-13  1.14E-13  4.48E-14  2.08E-14  9.29E-15  3.04E-15  1.27E-15
             5.19E-16  1.55E-16  6.14E-17  2.41E-17  6.86E-18  2.63E-18  9.95E-19  2.72E-19  1.01E-19
    26       1.01E-12  6.37E-13  3.19E-13  1.76E-13  9.10E-14  3.49E-14  1.60E-14  7.04E-15  2.28E-15  9.42E-16
             3.83E-16  1.14E-16  4.49E-17  1.75E-17  4.98E-18  1.90E-18  7.20E-19  1.96E-19  7.27E-20
    27       8.84E-13  5.50E-13  2.69E-13  1.45E-13  7.38E-14  2.77E-14  1.25E-14  5.47E-15  1.75E-15  7.20E-16
             2.91E-16  8.62E-17  3.39E-17  1.32E-17  3.74E-18  1.43E-18  5.39E-19  1.47E-19  5.42E-20
    28       7.37E-13  4.49E-13  2.12E-13  1.12E-13  5.55E-14  2.03E-14  9.05E-15  3.90E-15  1.23E-15  5.03E-16
             2.02E-16  5.94E-17  2.33E-17  9.02E-18  2.55E-18  9.70E-19  3.66E-19  9.95E-20  3.67E-20
    29       6.03E-13  3.58E-13  1.63E-13  8.38E-14  4.07E-14  1.45E-14  6.37E-15  2.71E-15  8.45E-16  3.43E-16
             1.37E-16  4.00E-17  1.56E-17  6.03E-18  1.70E-18  6.44E-19  2.43E-19  6.58E-20  2.43E-20
    30       4.43E-13  2.53E-13  1.10E-13  5.43E-14  2.55E-14  8.82E-15  3.79E-15  1.59E-15  4.88E-16  1.96E-16
             7.76E-17  2.25E-17  8.73E-18  3.36E-18  9.41E-19  3.56E-19  1.34E-19  3.62E-20  1.34E-20
    31       3.56E-13  1.99E-13  8.32E-14  4.03E-14  1.86E-14  6.29E-15  2.68E-15  1.11E-15  3.38E-16  1.35E-16
             5.32E-17  1.53E-17  5.93E-18  2.28E-18  6.36E-19  2.40E-19  9.02E-20  2.44E-20  8.97E-21
    32       2.58E-13  1.38E-13  5.55E-14  2.61E-14  1.18E-14  3.88E-15  1.63E-15  6.67E-16  2.00E-16  7.94E-17
             3.11E-17  8.92E-18  3.44E-18  1.31E-18  3.66E-19  1.38E-19  5.17E-20  1.39E-20  5.12E-21
    33       2.00E-13  1.05E-13  4.06E-14  1.87E-14  8.30E-15  2.70E-15  1.12E-15  4.56E-16  1.36E-16  5.35E-17
             2.09E-17  5.96E-18  2.29E-18  8.74E-19  2.43E-19  9.13E-20  3.41E-20  9.19E-21  3.38E-21
    34       1.36E-13  6.85E-14  2.55E-14  1.15E-14  4.98E-15  1.58E-15  6.48E-16  2.61E-16  7.70E-17  3.02E-17
             1.17E-17  3.32E-18  1.27E-18  4.84E-19  1.34E-19  5.03E-20  1.88E-20  5.04E-21  1.85E-21
    35       9.95E-14  4.88E-14  1.77E-14  7.80E-15  3.34E-15  1.05E-15  4.25E-16  1.70E-16  4.98E-17  1.94E-17
             7.51E-18  2.12E-18  8.10E-19  3.07E-19  8.48E-20  3.18E-20  1.19E-20  3.18E-21  1.17E-21
    36       6.06E-14  2.87E-14  9.96E-15  4.30E-15  1.81E-15  5.55E-16  2.23E-16  8.84E-17  2.56E-17  9.92E-18
             3.82E-18  1.07E-18  4.08E-19  1.54E-19  4.24E-20  1.59E-20  5.91E-21  1.58E-21  5.79E-22
    37       4.29E-14  1.98E-14  6.74E-15  2.87E-15  1.19E-15  3.62E-16  1.44E-16  5.69E-17  1.64E-17  6.33E-18
             2.43E-18  6.80E-19  2.58E-19  9.75E-20  2.67E-20  9.99E-21  3.71E-21  9.93E-22  3.63E-22
    38       2.51E-14  1.13E-14  3.71E-15  1.55E-15  6.35E-16  1.90E-16  7.52E-17  2.94E-17  8.41E-18  3.23E-18
             1.24E-18  3.44E-19  1.30E-19  4.90E-20  1.34E-20  5.00E-21  1.85E-21  4.95E-22  1.81E-22
    39       1.69E-14  7.45E-15  2.41E-15  9.95E-16  4.04E-16  1.20E-16  4.71E-17  1.83E-17  5.21E-18  2.00E-18
             7.61E-19  2.11E-19  7.98E-20  3.00E-20  8.18E-21  3.05E-21  1.13E-21  3.01E-22  1.10E-22
    40       8.91E-15  3.84E-15  1.21E-15  4.92E-16  1.97E-16  5.78E-17  2.26E-17  8.74E-18  2.47E-18  9.41E-19
             3.57E-19  9.87E-20  3.72E-20  1.39E-20  3.79E-21  1.41E-21  5.22E-22  1.39E-22  5.06E-23
    41       6.19E-15  2.64E-15  8.21E-16  3.32E-16  1.33E-16  3.86E-17  1.50E-17  5.80E-18  1.63E-18  6.21E-19
             2.35E-19  6.49E-20  2.44E-20  9.15E-21  2.48E-21  9.23E-22  3.41E-22  9.07E-23  3.31E-23
    42       3.63E-15  1.53E-15  4.69E-16  1.89E-16  7.47E-17  2.16E-17  8.38E-18  3.22E-18  9.03E-19  3.43E-19
             1.30E-19  3.57E-20  1.34E-20  5.01E-21  1.36E-21  5.05E-22  1.86E-22  4.95E-23  1.80E-23



    T(K)     ALFT( 1)  ALFT( 2)  ALFT( 3)  ALFT( 4)  ALFT( 5)  ALFT( 6)  ALFT( 7)  ALFT( 8)  ALFT( 9)  ALFT(10)
    ----     --------  --------  --------  --------  --------  --------  --------  --------  --------  --------
  1.00E+03   3.45E-10
  2.00E+03   2.30E-10
  5.00E+03   1.32E-10
  1.00E+04   8.66E-11
  2.00E+04   5.62E-11
  5.00E+04   3.15E-11
  1.00E+05   2.01E-11
  2.00E+05   1.27E-11
  5.00E+05   6.79E-12
  1.00E+06   4.17E-12
  2.00E+06   2.51E-12
  5.00E+06   1.23E-12
  1.00E+07   6.94E-13
  2.00E+07   3.74E-13
  5.00E+07   1.53E-13
  1.00E+08   7.29E-14
  2.00E+08   3.30E-14
  5.00E+08   1.07E-14
  1.00E+09   4.37E-15
C--------------------------------------------------------------------------------------------------------------
C
C See N. R. Badnell, ApJS, vol 167 (2006) p334
C DOI: 10.1086/508465
C
C NAME: N R Badnell
C DATE: Jan 2006
C
C--------------------------------------------------------------------------------------------------------------

C-----------------------------------------------------------------------
C                               OPEN-ADAS
C                               +++++++++
C
C This file has been downloaded from OPEN-ADAS (http://open.adas.ac.uk)
C on 25-Aug-2022.
C
C TERMS AND CONDITIONS
C --------------------
C
C The user of the OPEN-ADAS system and data (hereinafter "the User")
C accepts the following terms and conditions:
C
C   1. The University of Strathclyde uses all reasonable endeavours to
C      ensure the accuracy of the data provided and any information
C      given, but the University makes no warranty, expressed or implied
C      as to its accuracy, integrity, fitness for purpose and shall not
C      be responsible for the use to which the data is put by the User
C      and/or any consequences arising out of any inaccuracies or
C      omissions.
C
C   2. Any downloaded OPEN-ADAS file is made available for the
C      personal use of the User only.  It must not be used for any
C      commercial application, incorporated into any web site or in
C      any form re-distributed without express prior written permission
C      from the ADAS Project. In particular, but not by way of
C      limitation, it must not be:
C        *  inserted into a managed database structure,
C        *  redistributed along with a modelling or analysis code,
C        *  made available on a public website.
C
C Permission for OPEN-ADAS data incorporation in non-commercial
C code/system development for scientific advance will not be
C unreasonably withheld, but will be subject to written agreement
C on a case by case basis.
C
C The User will indemnify the University of Strathclyde and keep it
C fully and effectively indemnified against each and every claim made
C against the University as a result of the User's use of the data.
C
C-----------------------------------------------------------------------
