iz	from_state	to_state transition_energy_eV
 energy_eV
  cross_section_cm2

0	2s2,2p2 3P	2s2,2p2 1S	2.68
3.000000e+00	3.500000e+00	4.000000e+00	5.000000e+00	6.000000e+00	7.000000e+00	7.616000e+00	8.024000e+00	8.432000e+00	8.908000e+00	9.384000e+00	9.928000e+00	1.047200e+01	1.101600e+01	1.156000e+01	1.264800e+01	1.373600e+01	1.496000e+01	1.632000e+01	1.768000e+01	1.904000e+01	2.040000e+01	2.720000e+01	3.400000e+01	4.080000e+01	4.760000e+01	5.440000e+01	6.800000e+01	8.160000e+01	9.520000e+01	1.224000e+02	1.496000e+02
2.640000e-18	1.082000e-17	1.205000e-17	1.302000e-17	1.267000e-17	1.179000e-17	6.360283e-18	6.631071e-18	5.885355e-18	5.367863e-18	4.055650e-18	3.992924e-18	4.395044e-18	4.171581e-18	4.011125e-18	3.521636e-18	3.232367e-18	3.043348e-18	2.794178e-18	2.592558e-18	2.466909e-18	2.336948e-18	1.710945e-18	1.195357e-18	8.108780e-19	5.469790e-19	3.717940e-19	1.804590e-19	9.448200e-20	5.335400e-20	2.021800e-20	9.279000e-21

0	2s2,2p2 3P	2s2,2p1,3p1 3D	9.71
9.710000e+00	1.121311e+01	1.294829e+01	1.495243e+01	1.726729e+01	1.993949e+01	2.302629e+01	2.658986e+01	3.070593e+01	3.545801e+01	4.094707e+01	4.728479e+01	5.460321e+01	6.305480e+01	7.281432e+01	8.408472e+01	9.710000e+01	1.121311e+02	1.294829e+02	1.495243e+02	1.726729e+02	1.993948e+02	2.302629e+02	2.658986e+02	3.070593e+02	3.545801e+02	4.094707e+02	4.728479e+02	5.460321e+02	6.305480e+02	7.281432e+02	8.408472e+02	9.710000e+02
3.150149e-18	9.867315e-18	1.650027e-17	2.215743e-17	2.650765e-17	2.952759e-17	3.133851e-17	3.213109e-17	3.210443e-17	3.145007e-17	3.033258e-17	2.889338e-17	2.724452e-17	2.547835e-17	2.365972e-17	2.184392e-17	2.006782e-17	1.835741e-17	1.673137e-17	1.520121e-17	1.377178e-17	1.244706e-17	1.122491e-17	1.010317e-17	9.077595e-18	8.143443e-18	7.294734e-18	6.526254e-18	5.832022e-18	5.205556e-18	4.642084e-18	4.135494e-18	3.681018e-18

0	2s2,2p2 3P	2s2,2p1,3p1 3S	8.77
8.770000e+00	1.012760e+01	1.169479e+01	1.350492e+01	1.559569e+01	1.800919e+01	2.079718e+01	2.401577e+01	2.773337e+01	3.202541e+01	3.698309e+01	4.270727e+01	4.931722e+01	5.695063e+01	6.576535e+01	7.594469e+01	8.770000e+01	1.012760e+02	1.169480e+02	1.350492e+02	1.559569e+02	1.800919e+02	2.079718e+02	2.401577e+02	2.773337e+02	3.202541e+02	3.698309e+02	4.270727e+02	4.931722e+02	5.695063e+02	6.576535e+02	7.594469e+02	8.770000e+02
1.225065e-18	2.507471e-18	2.657594e-18	2.354758e-18	1.920547e-18	1.495829e-18	1.132688e-18	8.425545e-19	6.196066e-19	4.524339e-19	3.289978e-19	2.388138e-19	1.733215e-19	1.259210e-19	9.167064e-20	6.691872e-20	4.901260e-20	3.603168e-20	2.659868e-20	1.971982e-20	1.468678e-20	1.098979e-20	8.263832e-21	6.245370e-21	4.744131e-21	3.623001e-21	2.781720e-21	2.147674e-21	1.667579e-21	1.302248e-21	1.022913e-21	8.082466e-22	6.424061e-22

0	2s2,2p2 1D	2s2,2p2 1S	1.42
1.639816e+00	1.893570e+00	2.186658e+00	2.525186e+00	2.915970e+00	3.367388e+00	3.888528e+00	4.490466e+00	5.185414e+00	5.988140e+00	6.914974e+00	7.985228e+00	9.221196e+00	1.064844e+01	1.229663e+01	1.420000e+01	1.639816e+01	1.893570e+01	2.186658e+01	2.525186e+01	2.915970e+01	3.367388e+01	3.888528e+01	4.490466e+01	5.185414e+01	5.988140e+01	6.914974e+01	7.985228e+01	9.221196e+01	1.064844e+02	1.229663e+02	1.420000e+02
5.730824e-20	2.605756e-17	2.498325e-17	1.809135e-17	1.275742e-17	1.051618e-17	1.080037e-17	1.255543e-17	1.485170e-17	1.704991e-17	1.879145e-17	1.992451e-17	2.043508e-17	2.038727e-17	1.988210e-17	1.902765e-17	1.792954e-17	1.667977e-17	1.535165e-17	1.400175e-17	1.267451e-17	1.139982e-17	1.019829e-17	9.081253e-18	8.054847e-18	7.120587e-18	6.276626e-18	5.519014e-18	4.842873e-18	4.241877e-18	3.709521e-18	3.239607e-18

